6.102200000000000273e+02 8.774800000000000821e+00
5.699299999999999500e+02 8.640800000000000480e+00
5.412400000000000091e+02 8.564399999999999125e+00
5.284700000000000273e+02 8.511599999999999611e+00
5.174199999999999591e+02 8.467800000000000438e+00
5.096600000000000250e+02 8.429700000000000415e+00
5.049900000000000091e+02 8.396399999999999864e+00
5.028500000000000227e+02 8.367399999999999949e+00
5.025400000000000205e+02 8.342499999999999361e+00
5.034900000000000091e+02 8.321099999999999497e+00
5.051800000000000068e+02 8.302799999999999514e+00
5.073000000000000114e+02 8.287499999999999645e+00
5.096800000000000068e+02 8.274599999999999511e+00
5.121599999999999682e+02 8.263999999999999346e+00
5.146499999999999773e+02 8.255300000000000082e+00
5.171200000000000045e+02 8.248200000000000642e+00
5.195199999999999818e+02 8.242499999999999716e+00
5.218300000000000409e+02 8.238099999999999312e+00
5.240599999999999454e+02 8.234600000000000364e+00
5.261799999999999500e+02 8.232100000000000861e+00
5.282000000000000455e+02 8.230299999999999727e+00
5.301200000000000045e+02 8.229100000000000747e+00
5.319400000000000546e+02 8.228400000000000603e+00
5.336599999999999682e+02 8.228099999999999525e+00
5.352899999999999636e+02 8.228199999999999292e+00
5.368300000000000409e+02 8.228600000000000136e+00
5.382799999999999727e+02 8.229200000000000514e+00
5.396900000000000546e+02 8.230100000000000193e+00
5.410199999999999818e+02 8.230999999999999872e+00
5.422699999999999818e+02 8.232100000000000861e+00
5.434500000000000455e+02 8.233200000000000074e+00
5.445599999999999454e+02 8.234400000000000830e+00
5.456000000000000227e+02 8.235599999999999810e+00
5.465800000000000409e+02 8.236800000000000566e+00
5.475000000000000000e+02 8.238099999999999312e+00
5.483700000000000045e+02 8.239300000000000068e+00
5.491799999999999500e+02 8.240500000000000824e+00
5.499400000000000546e+02 8.241699999999999804e+00
5.506599999999999682e+02 8.242900000000000560e+00
5.513300000000000409e+02 8.244099999999999540e+00
5.519600000000000364e+02 8.245200000000000529e+00
5.525499999999999545e+02 8.246299999999999741e+00
5.531100000000000136e+02 8.247299999999999187e+00
5.536200000000000045e+02 8.248300000000000409e+00
5.541100000000000136e+02 8.249299999999999855e+00
5.545700000000000500e+02 8.250199999999999534e+00
5.550000000000000000e+02 8.251099999999999213e+00
5.553999999999999773e+02 8.251899999999999125e+00
5.557699999999999818e+02 8.252700000000000813e+00
5.561200000000000045e+02 8.253399999999999181e+00
5.564500000000000455e+02 8.254099999999999326e+00
5.567599999999999909e+02 8.254799999999999471e+00
5.570499999999999545e+02 8.255399999999999849e+00
5.573200000000000500e+02 8.256000000000000227e+00
5.575700000000000500e+02 8.256600000000000605e+00
5.578099999999999454e+02 8.257099999999999440e+00
5.580299999999999727e+02 8.257600000000000051e+00
5.582400000000000091e+02 8.257999999999999119e+00
5.584400000000000546e+02 8.258499999999999730e+00
5.586200000000000045e+02 8.258800000000000807e+00
5.587899999999999636e+02 8.259199999999999875e+00
5.589600000000000364e+02 8.259499999999999176e+00
5.591100000000000136e+02 8.259800000000000253e+00
5.592500000000000000e+02 8.260099999999999554e+00
5.593799999999999955e+02 8.260400000000000631e+00
5.595099999999999909e+02 8.260600000000000165e+00
5.596200000000000045e+02 8.260899999999999466e+00
5.597300000000000182e+02 8.261100000000000776e+00
5.598400000000000318e+02 8.261200000000000543e+00
5.599299999999999500e+02 8.261400000000000077e+00
5.600199999999999818e+02 8.261499999999999844e+00
5.601100000000000136e+02 8.261699999999999378e+00
5.601900000000000546e+02 8.261799999999999145e+00
5.602599999999999909e+02 8.261900000000000688e+00
5.603300000000000409e+02 8.262000000000000455e+00
5.603999999999999773e+02 8.262100000000000222e+00
5.604500000000000455e+02 8.262100000000000222e+00
5.605000000000000000e+02 8.262199999999999989e+00
5.605399999999999636e+02 8.262199999999999989e+00
5.605700000000000500e+02 8.262199999999999989e+00
5.606000000000000227e+02 8.262199999999999989e+00
5.606200000000000045e+02 8.262199999999999989e+00
5.606299999999999955e+02 8.262100000000000222e+00
5.606399999999999864e+02 8.262100000000000222e+00
5.606399999999999864e+02 8.262000000000000455e+00
5.606399999999999864e+02 8.261900000000000688e+00
5.606399999999999864e+02 8.261799999999999145e+00
5.606299999999999955e+02 8.261599999999999611e+00
5.606100000000000136e+02 8.261499999999999844e+00
5.605900000000000318e+02 8.261400000000000077e+00
5.605700000000000500e+02 8.261200000000000543e+00
5.605499999999999545e+02 8.261000000000001009e+00
5.605199999999999818e+02 8.260799999999999699e+00
5.604900000000000091e+02 8.260699999999999932e+00
5.604600000000000364e+02 8.260500000000000398e+00
5.604199999999999591e+02 8.260300000000000864e+00
5.603899999999999864e+02 8.259999999999999787e+00
5.603500000000000227e+02 8.259800000000000253e+00
5.603099999999999454e+02 8.259600000000000719e+00
5.602599999999999909e+02 8.259299999999999642e+00
5.602000000000000455e+02 8.259100000000000108e+00
5.601299999999999955e+02 8.258800000000000807e+00
5.600499999999999545e+02 8.258499999999999730e+00
5.599600000000000364e+02 8.258200000000000429e+00
5.598600000000000136e+02 8.257799999999999585e+00
5.597500000000000000e+02 8.257400000000000517e+00
5.596299999999999955e+02 8.256999999999999673e+00
5.595099999999999909e+02 8.256500000000000838e+00
5.593799999999999955e+02 8.256000000000000227e+00
5.592599999999999909e+02 8.255499999999999616e+00
5.591399999999999864e+02 8.255000000000000782e+00
5.590099999999999909e+02 8.254500000000000171e+00
5.588700000000000045e+02 8.253999999999999559e+00
5.587200000000000273e+02 8.253500000000000725e+00
5.588799999999999955e+02 8.253199999999999648e+00
5.591699999999999591e+02 8.253299999999999415e+00
5.594700000000000273e+02 8.253500000000000725e+00
5.597599999999999909e+02 8.253899999999999793e+00
5.600499999999999545e+02 8.254500000000000171e+00
5.603300000000000409e+02 8.255300000000000082e+00
5.606200000000000045e+02 8.256099999999999994e+00
5.608999999999999773e+02 8.256999999999999673e+00
5.612000000000000455e+02 8.258100000000000662e+00
5.615299999999999727e+02 8.259299999999999642e+00
5.618999999999999773e+02 8.260600000000000165e+00
5.623300000000000409e+02 8.262000000000000455e+00
5.628099999999999454e+02 8.263700000000000045e+00
5.633300000000000409e+02 8.265499999999999403e+00
5.639099999999999682e+02 8.267500000000000071e+00
5.645199999999999818e+02 8.269800000000000040e+00
5.651699999999999591e+02 8.272199999999999775e+00
5.658600000000000136e+02 8.274800000000000821e+00
5.665800000000000409e+02 8.277599999999999625e+00
5.673600000000000136e+02 8.280599999999999739e+00
5.681599999999999682e+02 8.283899999999999153e+00
5.689800000000000182e+02 8.287399999999999878e+00
5.698200000000000500e+02 8.291000000000000369e+00
5.706699999999999591e+02 8.294999999999999929e+00
5.715299999999999727e+02 8.299099999999999255e+00
5.723999999999999773e+02 8.303499999999999659e+00
5.732899999999999636e+02 8.307999999999999829e+00
5.741799999999999500e+02 8.312799999999999301e+00
5.750800000000000409e+02 8.317800000000000082e+00
5.759900000000000091e+02 8.323000000000000398e+00
5.767999999999999545e+02 8.328300000000000480e+00
5.776000000000000227e+02 8.333700000000000330e+00
5.784099999999999682e+02 8.339199999999999946e+00
5.792100000000000364e+02 8.344799999999999329e+00
5.800299999999999727e+02 8.350500000000000256e+00
5.808300000000000409e+02 8.356299999999999173e+00
5.816399999999999864e+02 8.362199999999999633e+00
5.824400000000000546e+02 8.368199999999999861e+00
5.832400000000000091e+02 8.374299999999999855e+00
5.840900000000000318e+02 8.380399999999999849e+00
5.849500000000000455e+02 8.386799999999999145e+00
5.857999999999999545e+02 8.393200000000000216e+00
5.866599999999999682e+02 8.399599999999999511e+00
5.875199999999999818e+02 8.406200000000000117e+00
5.883799999999999955e+02 8.412800000000000722e+00
5.892500000000000000e+02 8.419499999999999318e+00
5.901299999999999955e+02 8.426299999999999457e+00
5.910800000000000409e+02 8.433199999999999363e+00
5.920499999999999545e+02 8.440200000000000813e+00
5.930199999999999818e+02 8.447200000000000486e+00
5.939900000000000091e+02 8.454399999999999693e+00
5.949600000000000364e+02 8.461600000000000676e+00
5.959299999999999500e+02 8.468999999999999417e+00
5.968999999999999773e+02 8.476300000000000168e+00
5.978799999999999955e+02 8.483700000000000685e+00
5.988500000000000227e+02 8.491199999999999193e+00
5.998300000000000409e+02 8.498699999999999477e+00
6.008099999999999454e+02 8.506199999999999761e+00
6.017599999999999909e+02 8.513799999999999812e+00
6.027599999999999909e+02 8.521300000000000097e+00
6.037500000000000000e+02 8.528900000000000148e+00
6.047200000000000273e+02 8.536500000000000199e+00
6.056699999999999591e+02 8.544100000000000250e+00
6.066100000000000136e+02 8.551600000000000534e+00
6.073899999999999864e+02 8.559100000000000819e+00
6.081200000000000045e+02 8.566399999999999793e+00
6.088300000000000409e+02 8.573600000000000776e+00
6.095299999999999727e+02 8.580700000000000216e+00
6.102300000000000182e+02 8.587799999999999656e+00
6.109099999999999682e+02 8.594699999999999562e+00
6.115800000000000409e+02 8.601599999999999469e+00
6.122500000000000000e+02 8.608399999999999608e+00
6.128999999999999773e+02 8.615199999999999747e+00
6.135399999999999636e+02 8.621900000000000119e+00
6.141699999999999591e+02 8.628600000000000492e+00
6.147899999999999636e+02 8.635099999999999554e+00
6.154099999999999682e+02 8.641600000000000392e+00
6.160199999999999818e+02 8.648099999999999454e+00
6.166200000000000045e+02 8.654500000000000526e+00
6.172300000000000182e+02 8.660899999999999821e+00
6.178300000000000409e+02 8.667199999999999349e+00
6.184600000000000364e+02 8.673600000000000421e+00
6.191900000000000546e+02 8.680199999999999250e+00
6.200299999999999727e+02 8.686899999999999622e+00
6.210099999999999909e+02 8.693999999999999062e+00
6.221000000000000227e+02 8.701200000000000045e+00
6.232899999999999636e+02 8.708800000000000097e+00
6.245800000000000409e+02 8.716599999999999682e+00
6.259600000000000364e+02 8.724700000000000344e+00
6.274099999999999682e+02 8.733100000000000307e+00
6.289400000000000546e+02 8.741799999999999571e+00
6.305199999999999818e+02 8.750700000000000145e+00
6.322500000000000000e+02 8.759900000000000020e+00
6.340499999999999545e+02 8.769399999999999196e+00
6.358899999999999864e+02 8.779199999999999449e+00
6.377899999999999636e+02 8.789199999999999235e+00
6.397400000000000091e+02 8.799500000000000099e+00
6.416699999999999591e+02 8.809900000000000730e+00
6.436200000000000045e+02 8.820499999999999119e+00
6.456100000000000136e+02 8.831300000000000594e+00
6.476299999999999955e+02 8.842200000000000060e+00
6.497000000000000455e+02 8.853199999999999292e+00
6.517899999999999636e+02 8.864399999999999835e+00
6.539700000000000273e+02 8.875700000000000145e+00
6.562100000000000364e+02 8.887199999999999989e+00
6.585499999999999545e+02 8.898999999999999133e+00
6.610099999999999909e+02 8.910999999999999588e+00
6.633999999999999773e+02 8.923299999999999343e+00
6.658799999999999955e+02 8.935700000000000642e+00
6.684900000000000091e+02 8.948499999999999233e+00
6.712300000000000182e+02 8.961600000000000676e+00
6.740900000000000318e+02 8.974999999999999645e+00
6.771699999999999591e+02 8.988699999999999690e+00
6.803799999999999955e+02 9.002599999999999270e+00
6.835199999999999818e+02 9.016799999999999926e+00
6.864900000000000091e+02 9.031000000000000583e+00
6.894900000000000091e+02 9.045299999999999230e+00
6.925800000000000409e+02 9.059599999999999653e+00
6.955099999999999909e+02 9.073900000000000077e+00
6.985099999999999909e+02 9.087999999999999190e+00
7.016599999999999682e+02 9.101900000000000546e+00
7.048999999999999773e+02 9.115700000000000358e+00
7.081799999999999500e+02 9.129300000000000637e+00
7.115099999999999909e+02 9.142799999999999372e+00
7.148700000000000045e+02 9.156200000000000117e+00
7.181599999999999682e+02 9.169399999999999551e+00
7.214700000000000273e+02 9.182499999999999218e+00
7.247400000000000091e+02 9.195299999999999585e+00
7.279900000000000091e+02 9.208000000000000185e+00
7.312500000000000000e+02 9.220499999999999474e+00
7.345199999999999818e+02 9.232900000000000773e+00
7.378600000000000136e+02 9.245100000000000762e+00
7.412500000000000000e+02 9.257199999999999207e+00
7.446699999999999591e+02 9.269299999999999429e+00
7.481200000000000045e+02 9.281399999999999650e+00
7.517500000000000000e+02 9.293499999999999872e+00
7.554400000000000546e+02 9.305699999999999861e+00
7.591699999999999591e+02 9.317999999999999616e+00
7.629600000000000364e+02 9.330099999999999838e+00
7.667500000000000000e+02 9.342299999999999827e+00
7.705499999999999545e+02 9.354300000000000281e+00
7.744099999999999682e+02 9.366199999999999193e+00
7.782599999999999909e+02 9.378099999999999881e+00
7.821100000000000136e+02 9.389799999999999258e+00
7.859600000000000364e+02 9.401400000000000645e+00
7.898099999999999454e+02 9.412900000000000489e+00
7.936399999999999864e+02 9.424400000000000333e+00
7.974700000000000273e+02 9.435800000000000409e+00
8.012899999999999636e+02 9.447100000000000719e+00
8.050900000000000318e+02 9.458399999999999253e+00
8.088799999999999955e+02 9.469599999999999795e+00
8.126699999999999591e+02 9.480700000000000571e+00
8.164299999999999500e+02 9.491699999999999804e+00
8.203200000000000500e+02 9.502800000000000580e+00
8.243500000000000227e+02 9.513899999999999579e+00
8.284700000000000273e+02 9.525100000000000122e+00
8.326699999999999591e+02 9.536400000000000432e+00
8.369600000000000364e+02 9.547700000000000742e+00
8.413400000000000318e+02 9.559100000000000819e+00
8.457799999999999727e+02 9.570700000000000429e+00
8.502599999999999909e+02 9.582300000000000040e+00
8.547999999999999545e+02 9.594099999999999184e+00
8.593899999999999864e+02 9.605900000000000105e+00
8.640299999999999727e+02 9.617900000000000560e+00
8.687200000000000273e+02 9.630000000000000782e+00
8.734299999999999500e+02 9.642099999999999227e+00
8.781200000000000045e+02 9.654199999999999449e+00
8.828099999999999454e+02 9.666399999999999437e+00
8.875199999999999818e+02 9.678599999999999426e+00
8.922200000000000273e+02 9.690799999999999415e+00
8.967500000000000000e+02 9.703200000000000713e+00
9.012200000000000273e+02 9.715899999999999537e+00
9.056399999999999864e+02 9.728799999999999670e+00
9.101000000000000227e+02 9.741899999999999338e+00
9.145900000000000318e+02 9.755000000000000782e+00
9.190800000000000409e+02 9.768200000000000216e+00
9.235900000000000318e+02 9.781499999999999417e+00
9.281699999999999591e+02 9.794900000000000162e+00
9.328799999999999955e+02 9.808299999999999130e+00
9.377999999999999545e+02 9.822000000000000952e+00
9.428899999999999864e+02 9.835699999999999221e+00
9.481799999999999500e+02 9.849500000000000810e+00
9.520599999999999454e+02 9.862899999999999778e+00
9.560199999999999818e+02 9.875999999999999446e+00
9.600700000000000500e+02 9.888999999999999346e+00
9.642200000000000273e+02 9.901799999999999713e+00
9.682300000000000182e+02 9.914500000000000313e+00
9.722400000000000091e+02 9.927199999999999136e+00
9.763899999999999864e+02 9.939700000000000202e+00
9.806299999999999955e+02 9.952099999999999724e+00
9.849500000000000455e+02 9.964399999999999480e+00
9.894600000000000364e+02 9.976499999999999702e+00
9.941000000000000227e+02 9.988400000000000389e+00
9.988600000000000136e+02 1.000000000000000000e+01
1.003700000000000045e+03 1.001200000000000045e+01
1.008700000000000045e+03 1.002399999999999913e+01
1.013799999999999955e+03 1.003599999999999959e+01
1.019000000000000000e+03 1.004700000000000060e+01
1.023700000000000045e+03 1.005899999999999928e+01
1.028900000000000091e+03 1.007099999999999973e+01
1.034000000000000000e+03 1.008300000000000018e+01
1.038900000000000091e+03 1.009500000000000064e+01
1.044500000000000000e+03 1.010700000000000109e+01
1.050299999999999955e+03 1.011899999999999977e+01
1.056500000000000000e+03 1.013100000000000023e+01
1.062900000000000091e+03 1.014299999999999891e+01
1.069599999999999909e+03 1.015600000000000058e+01
1.076500000000000000e+03 1.016900000000000048e+01
1.083599999999999909e+03 1.018200000000000038e+01
1.091099999999999909e+03 1.019599999999999973e+01
1.099000000000000000e+03 1.020899999999999963e+01
1.106900000000000091e+03 1.022200000000000131e+01
1.114400000000000091e+03 1.023499999999999943e+01
1.122099999999999909e+03 1.024699999999999989e+01
1.128700000000000045e+03 1.025799999999999912e+01
1.136200000000000045e+03 1.026900000000000013e+01
1.145299999999999955e+03 1.027999999999999936e+01
1.156599999999999909e+03 1.029199999999999982e+01
1.167099999999999909e+03 1.030299999999999905e+01
1.177500000000000000e+03 1.031400000000000006e+01
1.188000000000000000e+03 1.032400000000000162e+01
1.198500000000000000e+03 1.033400000000000141e+01
1.209099999999999909e+03 1.034400000000000119e+01
1.219799999999999955e+03 1.035400000000000098e+01
1.230500000000000000e+03 1.036299999999999955e+01
1.238900000000000091e+03 1.037099999999999866e+01
1.248200000000000045e+03 1.037900000000000134e+01
1.259400000000000091e+03 1.038700000000000045e+01
1.270400000000000091e+03 1.039499999999999957e+01
1.281799999999999955e+03 1.040200000000000102e+01
1.293799999999999955e+03 1.041000000000000014e+01
1.304700000000000045e+03 1.041799999999999926e+01
1.315200000000000045e+03 1.042500000000000071e+01
1.325500000000000000e+03 1.043200000000000038e+01
1.335400000000000091e+03 1.043799999999999883e+01
1.345099999999999909e+03 1.044400000000000084e+01
1.354900000000000091e+03 1.044999999999999929e+01
1.365000000000000000e+03 1.045599999999999952e+01
1.375299999999999955e+03 1.046199999999999974e+01
1.385900000000000091e+03 1.046799999999999997e+01
1.397000000000000000e+03 1.047400000000000020e+01
1.408700000000000045e+03 1.047900000000000098e+01
1.421099999999999909e+03 1.048499999999999943e+01
1.433900000000000091e+03 1.049099999999999966e+01
1.447500000000000000e+03 1.049799999999999933e+01
1.461599999999999909e+03 1.050400000000000134e+01
1.476400000000000091e+03 1.050999999999999979e+01
1.491799999999999955e+03 1.051700000000000124e+01
1.507700000000000045e+03 1.052299999999999969e+01
1.524000000000000000e+03 1.052900000000000169e+01
1.540700000000000045e+03 1.053599999999999959e+01
1.557799999999999955e+03 1.054199999999999982e+01
1.575500000000000000e+03 1.054800000000000004e+01
1.593700000000000045e+03 1.055499999999999972e+01
1.612500000000000000e+03 1.056099999999999994e+01
1.631799999999999955e+03 1.056799999999999962e+01
1.651200000000000045e+03 1.057400000000000162e+01
1.671000000000000000e+03 1.058000000000000007e+01
1.691400000000000091e+03 1.058599999999999852e+01
1.712299999999999955e+03 1.059299999999999997e+01
1.733799999999999955e+03 1.059900000000000020e+01
1.757200000000000045e+03 1.060599999999999987e+01
1.782900000000000091e+03 1.061299999999999955e+01
1.810200000000000045e+03 1.061999999999999922e+01
1.841700000000000045e+03 1.062700000000000067e+01
1.862200000000000045e+03 1.063199999999999967e+01
1.889900000000000091e+03 1.063799999999999990e+01
1.926000000000000000e+03 1.064499999999999957e+01
1.962900000000000091e+03 1.065200000000000102e+01
1.998900000000000091e+03 1.065900000000000070e+01
2.033900000000000091e+03 1.066499999999999915e+01
2.068000000000000000e+03 1.067200000000000060e+01
2.102099999999999909e+03 1.067799999999999905e+01
2.137699999999999818e+03 1.068500000000000050e+01
2.173599999999999909e+03 1.069099999999999895e+01
2.207500000000000000e+03 1.069700000000000095e+01
2.239300000000000182e+03 1.070299999999999940e+01
2.269199999999999818e+03 1.070800000000000018e+01
2.297300000000000182e+03 1.071299999999999919e+01
2.324400000000000091e+03 1.071799999999999997e+01
2.352500000000000000e+03 1.072299999999999898e+01
2.381300000000000182e+03 1.072799999999999976e+01
2.410300000000000182e+03 1.073299999999999876e+01
2.438800000000000182e+03 1.073799999999999955e+01
2.466900000000000091e+03 1.074200000000000088e+01
2.495000000000000000e+03 1.074699999999999989e+01
2.523699999999999818e+03 1.075200000000000067e+01
2.552599999999999909e+03 1.075699999999999967e+01
2.581599999999999909e+03 1.076200000000000045e+01
2.610400000000000091e+03 1.076700000000000124e+01
2.638599999999999909e+03 1.077099999999999902e+01
2.666500000000000000e+03 1.077599999999999980e+01
2.694099999999999909e+03 1.078099999999999881e+01
2.721400000000000091e+03 1.078599999999999959e+01
2.740400000000000091e+03 1.079199999999999982e+01
2.760599999999999909e+03 1.079900000000000126e+01
2.782199999999999818e+03 1.080499999999999972e+01
2.804000000000000000e+03 1.081200000000000117e+01
2.825599999999999909e+03 1.081900000000000084e+01
2.846699999999999818e+03 1.082499999999999929e+01
2.867000000000000000e+03 1.083200000000000074e+01
2.886400000000000091e+03 1.083900000000000041e+01
2.905000000000000000e+03 1.084500000000000064e+01
2.923000000000000000e+03 1.085200000000000031e+01
2.940199999999999818e+03 1.085799999999999876e+01
2.956599999999999909e+03 1.086400000000000077e+01
2.971099999999999909e+03 1.087099999999999866e+01
2.984699999999999818e+03 1.087700000000000067e+01
2.997699999999999818e+03 1.088400000000000034e+01
3.010500000000000000e+03 1.089099999999999824e+01
3.023099999999999909e+03 1.089700000000000024e+01
3.035500000000000000e+03 1.090400000000000169e+01
3.047699999999999818e+03 1.091000000000000014e+01
3.059599999999999909e+03 1.091699999999999982e+01
3.071199999999999818e+03 1.092300000000000004e+01
3.082599999999999909e+03 1.092999999999999972e+01
3.093599999999999909e+03 1.093599999999999994e+01
3.103800000000000182e+03 1.094299999999999962e+01
3.113599999999999909e+03 1.094900000000000162e+01
3.122800000000000182e+03 1.095500000000000007e+01
3.131800000000000182e+03 1.096099999999999852e+01
3.140300000000000182e+03 1.096599999999999930e+01
3.148000000000000000e+03 1.097200000000000131e+01
3.154900000000000091e+03 1.097700000000000031e+01
3.161099999999999909e+03 1.098200000000000109e+01
3.166300000000000182e+03 1.098599999999999888e+01
3.168500000000000000e+03 1.099099999999999966e+01
3.173199999999999818e+03 1.099499999999999922e+01
3.177099999999999909e+03 1.100000000000000000e+01
3.180199999999999818e+03 1.100400000000000134e+01
3.182699999999999818e+03 1.100699999999999967e+01
3.184800000000000182e+03 1.101099999999999923e+01
3.186400000000000091e+03 1.101400000000000112e+01
3.187599999999999909e+03 1.101700000000000124e+01
3.188400000000000091e+03 1.101999999999999957e+01
3.188900000000000091e+03 1.102200000000000024e+01
3.189099999999999909e+03 1.102400000000000091e+01
