6.442300000000000182e+02 6.099999999999999645e+00
5.410399999999999636e+02 7.102899999999999991e+00
5.657200000000000273e+02 7.235599999999999810e+00
5.737100000000000364e+02 7.279300000000000104e+00
5.713700000000000045e+02 7.290099999999999802e+00
5.667100000000000364e+02 7.285300000000000331e+00
5.616499999999999773e+02 7.272199999999999775e+00
5.569099999999999682e+02 7.254800000000000360e+00
5.528300000000000409e+02 7.235199999999999854e+00
5.495599999999999454e+02 7.215099999999999625e+00
5.469199999999999591e+02 7.195100000000000051e+00
5.448200000000000500e+02 7.175699999999999967e+00
5.430700000000000500e+02 7.157199999999999562e+00
5.415399999999999636e+02 7.139999999999999680e+00
5.404600000000000364e+02 7.124200000000000088e+00
5.397599999999999909e+02 7.109700000000000131e+00
5.393899999999999864e+02 7.096400000000000041e+00
5.392799999999999727e+02 7.084299999999999820e+00
5.393899999999999864e+02 7.073199999999999932e+00
5.396799999999999500e+02 7.063100000000000378e+00
5.401000000000000227e+02 7.053999999999999382e+00
5.406399999999999864e+02 7.045600000000000307e+00
5.412599999999999909e+02 7.038100000000000023e+00
5.419500000000000455e+02 7.031200000000000117e+00
5.426799999999999500e+02 7.024899999999999700e+00
5.434500000000000455e+02 7.019199999999999662e+00
5.442400000000000091e+02 7.013999999999999346e+00
5.450800000000000409e+02 7.009400000000000297e+00
5.459400000000000546e+02 7.005200000000000315e+00
5.467899999999999636e+02 7.001400000000000290e+00
5.476299999999999955e+02 6.997999999999999332e+00
5.484400000000000546e+02 6.994900000000000340e+00
5.492400000000000091e+02 6.992099999999999760e+00
5.500199999999999818e+02 6.989499999999999602e+00
5.507699999999999818e+02 6.987199999999999633e+00
5.514900000000000091e+02 6.985100000000000087e+00
5.521900000000000546e+02 6.983100000000000307e+00
5.528600000000000136e+02 6.981300000000000061e+00
5.535099999999999909e+02 6.979700000000000237e+00
5.541200000000000045e+02 6.978200000000000180e+00
5.547100000000000364e+02 6.976799999999999891e+00
5.552699999999999818e+02 6.975500000000000256e+00
5.557999999999999545e+02 6.974300000000000388e+00
5.562999999999999545e+02 6.973200000000000287e+00
5.567799999999999727e+02 6.972199999999999953e+00
5.572300000000000182e+02 6.971300000000000274e+00
5.576599999999999682e+02 6.970500000000000362e+00
5.580700000000000500e+02 6.969699999999999562e+00
5.584600000000000364e+02 6.968899999999999650e+00
5.588200000000000500e+02 6.968200000000000394e+00
5.591699999999999591e+02 6.967600000000000016e+00
5.595000000000000000e+02 6.967000000000000526e+00
5.598099999999999454e+02 6.966400000000000148e+00
5.601000000000000227e+02 6.965900000000000425e+00
5.603799999999999955e+02 6.965399999999999814e+00
5.606399999999999864e+02 6.964900000000000091e+00
5.608899999999999864e+02 6.964400000000000368e+00
5.611200000000000045e+02 6.963999999999999524e+00
5.613400000000000318e+02 6.963499999999999801e+00
5.615399999999999636e+02 6.963099999999999845e+00
5.617400000000000091e+02 6.962699999999999889e+00
5.619199999999999591e+02 6.962399999999999700e+00
5.620900000000000318e+02 6.962000000000000632e+00
5.622599999999999909e+02 6.961700000000000443e+00
5.624099999999999682e+02 6.961299999999999599e+00
5.625499999999999545e+02 6.961000000000000298e+00
5.626900000000000546e+02 6.960700000000000109e+00
5.628099999999999454e+02 6.960399999999999920e+00
5.629299999999999500e+02 6.960099999999999731e+00
5.630399999999999636e+02 6.959800000000000431e+00
5.631499999999999773e+02 6.959500000000000242e+00
5.632500000000000000e+02 6.959200000000000053e+00
5.633400000000000318e+02 6.958899999999999864e+00
5.634199999999999591e+02 6.958700000000000330e+00
5.635000000000000000e+02 6.958400000000000141e+00
5.635800000000000409e+02 6.958099999999999952e+00
5.636499999999999773e+02 6.957900000000000418e+00
5.637100000000000364e+02 6.957699999999999996e+00
5.637699999999999818e+02 6.957399999999999807e+00
5.638200000000000500e+02 6.957200000000000273e+00
5.638700000000000045e+02 6.956900000000000084e+00
5.639099999999999682e+02 6.956699999999999662e+00
5.639400000000000546e+02 6.956500000000000128e+00
5.639700000000000273e+02 6.956199999999999939e+00
5.640000000000000000e+02 6.956000000000000405e+00
5.640199999999999818e+02 6.955799999999999983e+00
5.640299999999999727e+02 6.955499999999999794e+00
5.640499999999999545e+02 6.955300000000000260e+00
5.640599999999999454e+02 6.955099999999999838e+00
5.640599999999999454e+02 6.954900000000000304e+00
5.640599999999999454e+02 6.954699999999999882e+00
5.640599999999999454e+02 6.954500000000000348e+00
5.640499999999999545e+02 6.954299999999999926e+00
5.640499999999999545e+02 6.954100000000000392e+00
5.640299999999999727e+02 6.953899999999999970e+00
5.640199999999999818e+02 6.953599999999999781e+00
5.640000000000000000e+02 6.953400000000000247e+00
5.639800000000000182e+02 6.953199999999999825e+00
5.639600000000000364e+02 6.952999999999999403e+00
5.639400000000000546e+02 6.952799999999999869e+00
5.639099999999999682e+02 6.952600000000000335e+00
5.638799999999999955e+02 6.952399999999999913e+00
5.638400000000000318e+02 6.952099999999999724e+00
5.637999999999999545e+02 6.951900000000000190e+00
5.637599999999999909e+02 6.951600000000000001e+00
5.637000000000000455e+02 6.951399999999999579e+00
5.636399999999999864e+02 6.951100000000000279e+00
5.635800000000000409e+02 6.950800000000000090e+00
5.635000000000000000e+02 6.950499999999999901e+00
5.633999999999999773e+02 6.950199999999999712e+00
5.632999999999999545e+02 6.950000000000000178e+00
5.632000000000000455e+02 6.949799999999999756e+00
5.631000000000000227e+02 6.949600000000000222e+00
5.630000000000000000e+02 6.949499999999999567e+00
5.628999999999999773e+02 6.949399999999999800e+00
5.628500000000000227e+02 6.949399999999999800e+00
5.628400000000000318e+02 6.949499999999999567e+00
5.628700000000000045e+02 6.949699999999999989e+00
5.629400000000000546e+02 6.950099999999999945e+00
5.630299999999999727e+02 6.950499999999999901e+00
5.631499999999999773e+02 6.951100000000000279e+00
5.632899999999999636e+02 6.951900000000000190e+00
5.634400000000000546e+02 6.952700000000000102e+00
5.636100000000000136e+02 6.953599999999999781e+00
5.637999999999999545e+02 6.954600000000000115e+00
5.640099999999999909e+02 6.955799999999999983e+00
5.642500000000000000e+02 6.957000000000000739e+00
5.645199999999999818e+02 6.958400000000000141e+00
5.648200000000000500e+02 6.959900000000000198e+00
5.651499999999999773e+02 6.961599999999999788e+00
5.655199999999999818e+02 6.963400000000000034e+00
5.659099999999999682e+02 6.965300000000000047e+00
5.663500000000000227e+02 6.967399999999999594e+00
5.667899999999999636e+02 6.969800000000000217e+00
5.672500000000000000e+02 6.972400000000000375e+00
5.677000000000000455e+02 6.975299999999999834e+00
5.681499999999999773e+02 6.978500000000000369e+00
5.686100000000000136e+02 6.982099999999999973e+00
5.690900000000000318e+02 6.986000000000000654e+00
5.695900000000000318e+02 6.990099999999999980e+00
5.701100000000000136e+02 6.994600000000000151e+00
5.706499999999999773e+02 6.999299999999999855e+00
5.712200000000000273e+02 7.004299999999999748e+00
5.718099999999999454e+02 7.009599999999999831e+00
5.724099999999999682e+02 7.014999999999999680e+00
5.730299999999999727e+02 7.020699999999999719e+00
5.736499999999999773e+02 7.026600000000000179e+00
5.742799999999999727e+02 7.032600000000000406e+00
5.749199999999999591e+02 7.038800000000000168e+00
5.755700000000000500e+02 7.045099999999999696e+00
5.762300000000000182e+02 7.051499999999999879e+00
5.768999999999999773e+02 7.058099999999999596e+00
5.775800000000000409e+02 7.064799999999999969e+00
5.782599999999999909e+02 7.071699999999999875e+00
5.789600000000000364e+02 7.078599999999999781e+00
5.796799999999999500e+02 7.085700000000000109e+00
5.803999999999999773e+02 7.092800000000000438e+00
5.812100000000000364e+02 7.099999999999999645e+00
5.820199999999999818e+02 7.107300000000000395e+00
5.828400000000000318e+02 7.114600000000000257e+00
5.836499999999999773e+02 7.122000000000000774e+00
5.844700000000000273e+02 7.129400000000000404e+00
5.852899999999999636e+02 7.136899999999999800e+00
5.861200000000000045e+02 7.144599999999999618e+00
5.869500000000000455e+02 7.152300000000000324e+00
5.878200000000000500e+02 7.160199999999999676e+00
5.887200000000000273e+02 7.168099999999999916e+00
5.896499999999999773e+02 7.176000000000000156e+00
5.906399999999999864e+02 7.184000000000000163e+00
5.916499999999999773e+02 7.192000000000000171e+00
5.926699999999999591e+02 7.200000000000000178e+00
5.936900000000000546e+02 7.207999999999999297e+00
5.947200000000000273e+02 7.216000000000000192e+00
5.957400000000000091e+02 7.224000000000000199e+00
5.967599999999999909e+02 7.232099999999999973e+00
5.977799999999999727e+02 7.240199999999999747e+00
5.987999999999999545e+02 7.248300000000000409e+00
5.998200000000000500e+02 7.256400000000000183e+00
6.008300000000000409e+02 7.264599999999999724e+00
6.018099999999999454e+02 7.272700000000000387e+00
6.027500000000000000e+02 7.280800000000000161e+00
6.036900000000000546e+02 7.288899999999999935e+00
6.046100000000000136e+02 7.296899999999999942e+00
6.055000000000000000e+02 7.304899999999999949e+00
6.063799999999999955e+02 7.312899999999999956e+00
6.072400000000000091e+02 7.320800000000000196e+00
6.081000000000000227e+02 7.328599999999999781e+00
6.089299999999999500e+02 7.336400000000000254e+00
6.097699999999999818e+02 7.344199999999999839e+00
6.106100000000000136e+02 7.351899999999999658e+00
6.114400000000000546e+02 7.359499999999999709e+00
6.122799999999999727e+02 7.367000000000000881e+00
6.130800000000000409e+02 7.374500000000000277e+00
6.138400000000000318e+02 7.382000000000000561e+00
6.145299999999999727e+02 7.389400000000000190e+00
6.151499999999999773e+02 7.396799999999999820e+00
6.157899999999999636e+02 7.404099999999999682e+00
6.164700000000000273e+02 7.411500000000000199e+00
6.172000000000000455e+02 7.418899999999999828e+00
6.180000000000000000e+02 7.426300000000000345e+00
6.188700000000000045e+02 7.433799999999999741e+00
6.198200000000000500e+02 7.441300000000000026e+00
6.208400000000000318e+02 7.448999999999999844e+00
6.219400000000000546e+02 7.456699999999999662e+00
6.231100000000000136e+02 7.464500000000000135e+00
6.243300000000000409e+02 7.472400000000000375e+00
6.256200000000000045e+02 7.480500000000000149e+00
6.270000000000000000e+02 7.488599999999999923e+00
6.284500000000000455e+02 7.496900000000000119e+00
6.299700000000000273e+02 7.505300000000000082e+00
6.315700000000000500e+02 7.513799999999999812e+00
6.332300000000000182e+02 7.522400000000000198e+00
6.349400000000000546e+02 7.531100000000000350e+00
6.367000000000000455e+02 7.539900000000000269e+00
6.385099999999999909e+02 7.548700000000000188e+00
6.403700000000000045e+02 7.557699999999999640e+00
6.422500000000000000e+02 7.566699999999999982e+00
6.441100000000000136e+02 7.575899999999999856e+00
6.459600000000000364e+02 7.585300000000000153e+00
6.478099999999999454e+02 7.594800000000000217e+00
6.496799999999999500e+02 7.604599999999999582e+00
6.516100000000000136e+02 7.614600000000000257e+00
6.535800000000000409e+02 7.624799999999999578e+00
6.556399999999999864e+02 7.635200000000000209e+00
6.578300000000000409e+02 7.645800000000000374e+00
6.601399999999999864e+02 7.656399999999999650e+00
6.625700000000000500e+02 7.667200000000000237e+00
6.651399999999999864e+02 7.678099999999999703e+00
6.678200000000000500e+02 7.689099999999999824e+00
6.705399999999999636e+02 7.700099999999999945e+00
6.733400000000000318e+02 7.711100000000000065e+00
6.763099999999999454e+02 7.721899999999999764e+00
6.795099999999999909e+02 7.732499999999999929e+00
6.828400000000000318e+02 7.742899999999999672e+00
6.863300000000000409e+02 7.753099999999999881e+00
6.898300000000000409e+02 7.763099999999999667e+00
6.933400000000000318e+02 7.772899999999999920e+00
6.968999999999999773e+02 7.782499999999999751e+00
7.005199999999999818e+02 7.791900000000000048e+00
7.041100000000000136e+02 7.801000000000000156e+00
7.076699999999999591e+02 7.809999999999999609e+00
7.112500000000000000e+02 7.818699999999999761e+00
7.148300000000000409e+02 7.827300000000000146e+00
7.183899999999999864e+02 7.835600000000000342e+00
7.218899999999999864e+02 7.843799999999999883e+00
7.253099999999999454e+02 7.851899999999999658e+00
7.286799999999999500e+02 7.859899999999999665e+00
7.320399999999999636e+02 7.867899999999999672e+00
7.353899999999999864e+02 7.875899999999999679e+00
7.387599999999999909e+02 7.883899999999999686e+00
7.421499999999999773e+02 7.891899999999999693e+00
7.455700000000000500e+02 7.900000000000000355e+00
7.489700000000000273e+02 7.907999999999999474e+00
7.523700000000000045e+02 7.916100000000000136e+00
7.557799999999999727e+02 7.924100000000000144e+00
7.591900000000000546e+02 7.932199999999999918e+00
7.625800000000000409e+02 7.940199999999999925e+00
7.659500000000000455e+02 7.948199999999999932e+00
7.693099999999999454e+02 7.956100000000000172e+00
7.726599999999999682e+02 7.963999999999999524e+00
7.760199999999999818e+02 7.971899999999999764e+00
7.793600000000000136e+02 7.979700000000000237e+00
7.827100000000000364e+02 7.987400000000000055e+00
7.860499999999999545e+02 7.995199999999999640e+00
7.893899999999999864e+02 8.002800000000000580e+00
7.927400000000000091e+02 8.010500000000000398e+00
7.960700000000000500e+02 8.018100000000000449e+00
7.993500000000000227e+02 8.025600000000000733e+00
8.026799999999999500e+02 8.033200000000000784e+00
8.060599999999999454e+02 8.040800000000000836e+00
8.094800000000000182e+02 8.048299999999999343e+00
8.129500000000000455e+02 8.055899999999999395e+00
8.164600000000000364e+02 8.063399999999999679e+00
8.199900000000000091e+02 8.070999999999999730e+00
8.235000000000000000e+02 8.078599999999999781e+00
8.270599999999999454e+02 8.086100000000000065e+00
8.306699999999999591e+02 8.093700000000000117e+00
8.343400000000000318e+02 8.101300000000000168e+00
8.380599999999999454e+02 8.108999999999999986e+00
8.418200000000000500e+02 8.116699999999999804e+00
8.456200000000000045e+02 8.124399999999999622e+00
8.494600000000000364e+02 8.132199999999999207e+00
8.533300000000000409e+02 8.140000000000000568e+00
8.571799999999999500e+02 8.147800000000000153e+00
8.604700000000000273e+02 8.155400000000000205e+00
8.637599999999999909e+02 8.162599999999999412e+00
8.672100000000000364e+02 8.169800000000000395e+00
8.708099999999999454e+02 8.176899999999999835e+00
8.745299999999999727e+02 8.183999999999999275e+00
8.783600000000000136e+02 8.191100000000000492e+00
8.822999999999999545e+02 8.198199999999999932e+00
8.863700000000000045e+02 8.205399999999999139e+00
8.905499999999999545e+02 8.212600000000000122e+00
8.948500000000000227e+02 8.219900000000000873e+00
8.992699999999999818e+02 8.227199999999999847e+00
9.039800000000000182e+02 8.234600000000000364e+00
9.086000000000000227e+02 8.242000000000000881e+00
9.132200000000000273e+02 8.249399999999999622e+00
9.178300000000000409e+02 8.256800000000000139e+00
9.224400000000000546e+02 8.264099999999999113e+00
9.270499999999999545e+02 8.271300000000000097e+00
9.316599999999999682e+02 8.278499999999999304e+00
9.362599999999999909e+02 8.285600000000000520e+00
9.408700000000000045e+02 8.292600000000000193e+00
9.454900000000000091e+02 8.299500000000000099e+00
9.500900000000000318e+02 8.306400000000000006e+00
9.546799999999999500e+02 8.313100000000000378e+00
9.592799999999999727e+02 8.319699999999999207e+00
9.638899999999999864e+02 8.326299999999999812e+00
9.685299999999999727e+02 8.332800000000000651e+00
9.732000000000000455e+02 8.339199999999999946e+00
9.779099999999999682e+02 8.345599999999999241e+00
9.826399999999999864e+02 8.351900000000000546e+00
9.873799999999999955e+02 8.358200000000000074e+00
9.921599999999999682e+02 8.364399999999999835e+00
9.969600000000000364e+02 8.370599999999999596e+00
1.001600000000000023e+03 8.376699999999999591e+00
1.006100000000000023e+03 8.382600000000000051e+00
1.010700000000000045e+03 8.388500000000000512e+00
1.015500000000000000e+03 8.394299999999999429e+00
1.020500000000000000e+03 8.400199999999999889e+00
1.025599999999999909e+03 8.406299999999999883e+00
1.031000000000000000e+03 8.412399999999999878e+00
1.037099999999999909e+03 8.418900000000000716e+00
1.043799999999999955e+03 8.425800000000000622e+00
1.051200000000000045e+03 8.433199999999999363e+00
1.059200000000000045e+03 8.441200000000000259e+00
1.067599999999999909e+03 8.449500000000000455e+00
1.076200000000000045e+03 8.458199999999999719e+00
1.084900000000000091e+03 8.467100000000000293e+00
1.093400000000000091e+03 8.476000000000000867e+00
1.102599999999999909e+03 8.485200000000000742e+00
1.112500000000000000e+03 8.494899999999999451e+00
1.122900000000000091e+03 8.504799999999999471e+00
1.133500000000000000e+03 8.514900000000000801e+00
1.144400000000000091e+03 8.525299999999999656e+00
1.155500000000000000e+03 8.535800000000000054e+00
1.166799999999999955e+03 8.546300000000000452e+00
1.178299999999999955e+03 8.557000000000000384e+00
1.190700000000000045e+03 8.567600000000000549e+00
1.201599999999999909e+03 8.577899999999999636e+00
1.212400000000000091e+03 8.587899999999999423e+00
1.223299999999999955e+03 8.597799999999999443e+00
1.233500000000000000e+03 8.607699999999999463e+00
1.245000000000000000e+03 8.617800000000000793e+00
1.256700000000000045e+03 8.627900000000000347e+00
1.268400000000000091e+03 8.637900000000000134e+00
1.279900000000000091e+03 8.647899999999999920e+00
1.291200000000000045e+03 8.657600000000000406e+00
1.302299999999999955e+03 8.667099999999999582e+00
1.313200000000000045e+03 8.676399999999999224e+00
1.324000000000000000e+03 8.685399999999999565e+00
1.334700000000000045e+03 8.694300000000000139e+00
1.345400000000000091e+03 8.702999999999999403e+00
1.356200000000000045e+03 8.711600000000000676e+00
1.367099999999999909e+03 8.720200000000000173e+00
1.378299999999999955e+03 8.728899999999999437e+00
1.389799999999999955e+03 8.737700000000000244e+00
1.401599999999999909e+03 8.746700000000000585e+00
1.414000000000000000e+03 8.756000000000000227e+00
1.427299999999999955e+03 8.765800000000000480e+00
1.441500000000000000e+03 8.775900000000000034e+00
1.456400000000000091e+03 8.786500000000000199e+00
1.472000000000000000e+03 8.797399999999999665e+00
1.487799999999999955e+03 8.808699999999999974e+00
1.504099999999999909e+03 8.820100000000000051e+00
1.520599999999999909e+03 8.831799999999999429e+00
1.537599999999999909e+03 8.843799999999999883e+00
1.555099999999999909e+03 8.855999999999999872e+00
1.573299999999999955e+03 8.868600000000000705e+00
1.592000000000000000e+03 8.881399999999999295e+00
1.611099999999999909e+03 8.894600000000000506e+00
1.630799999999999955e+03 8.907999999999999474e+00
1.650900000000000091e+03 8.921599999999999753e+00
1.671799999999999955e+03 8.935399999999999565e+00
1.693000000000000000e+03 8.949199999999999378e+00
1.715099999999999909e+03 8.963400000000000034e+00
1.738500000000000000e+03 8.978099999999999525e+00
1.763200000000000045e+03 8.993399999999999395e+00
1.793500000000000000e+03 9.009499999999999176e+00
1.816700000000000045e+03 9.024599999999999511e+00
1.841900000000000091e+03 9.040200000000000458e+00
1.870900000000000091e+03 9.057399999999999451e+00
1.902299999999999955e+03 9.075900000000000745e+00
1.934299999999999955e+03 9.095599999999999241e+00
1.966200000000000045e+03 9.116099999999999426e+00
1.998000000000000000e+03 9.137199999999999989e+00
2.029799999999999955e+03 9.158899999999999153e+00
2.061800000000000182e+03 9.181400000000000006e+00
2.093599999999999909e+03 9.204700000000000770e+00
2.124800000000000182e+03 9.228600000000000136e+00
2.155900000000000091e+03 9.252499999999999503e+00
2.186400000000000091e+03 9.275999999999999801e+00
2.215400000000000091e+03 9.298999999999999488e+00
2.243400000000000091e+03 9.321400000000000574e+00
2.271599999999999909e+03 9.343500000000000583e+00
2.299500000000000000e+03 9.365299999999999514e+00
2.327599999999999909e+03 9.387000000000000455e+00
2.355800000000000182e+03 9.408500000000000085e+00
2.384000000000000000e+03 9.429600000000000648e+00
2.413099999999999909e+03 9.450599999999999667e+00
2.442900000000000091e+03 9.471399999999999153e+00
2.473099999999999909e+03 9.492200000000000415e+00
2.503500000000000000e+03 9.512700000000000600e+00
2.533900000000000091e+03 9.533099999999999241e+00
2.564099999999999909e+03 9.553100000000000591e+00
2.594300000000000182e+03 9.572800000000000864e+00
2.624300000000000182e+03 9.592000000000000526e+00
2.652800000000000182e+03 9.610500000000000043e+00
2.678300000000000182e+03 9.627599999999999270e+00
2.702300000000000182e+03 9.643399999999999750e+00
2.726400000000000091e+03 9.658599999999999852e+00
2.749599999999999909e+03 9.673299999999999343e+00
2.771000000000000000e+03 9.688100000000000378e+00
2.791699999999999818e+03 9.702999999999999403e+00
2.812199999999999818e+03 9.717999999999999972e+00
2.832400000000000091e+03 9.732799999999999230e+00
2.852199999999999818e+03 9.747400000000000730e+00
2.871400000000000091e+03 9.761799999999999145e+00
2.880400000000000091e+03 9.777400000000000091e+00
2.892900000000000091e+03 9.794900000000000162e+00
2.907099999999999909e+03 9.812599999999999767e+00
2.921800000000000182e+03 9.830000000000000071e+00
2.936800000000000182e+03 9.847000000000001307e+00
2.951699999999999818e+03 9.863599999999999923e+00
2.966599999999999909e+03 9.879699999999999704e+00
2.981099999999999909e+03 9.895300000000000651e+00
2.995300000000000182e+03 9.910500000000000753e+00
3.009199999999999818e+03 9.925200000000000244e+00
3.022500000000000000e+03 9.939399999999999125e+00
3.035400000000000091e+03 9.953099999999999170e+00
3.047800000000000182e+03 9.966400000000000148e+00
3.059599999999999909e+03 9.979200000000000514e+00
3.070900000000000091e+03 9.991500000000000270e+00
3.081699999999999818e+03 1.000300000000000011e+01
3.092000000000000000e+03 1.001500000000000057e+01
3.101699999999999818e+03 1.002599999999999980e+01
3.110800000000000182e+03 1.003599999999999959e+01
3.119199999999999818e+03 1.004599999999999937e+01
3.120900000000000091e+03 1.005400000000000027e+01
3.130400000000000091e+03 1.006299999999999883e+01
3.137900000000000091e+03 1.007200000000000095e+01
3.144199999999999818e+03 1.008000000000000007e+01
3.149599999999999909e+03 1.008799999999999919e+01
3.154400000000000091e+03 1.009500000000000064e+01
3.158500000000000000e+03 1.010200000000000031e+01
3.162199999999999818e+03 1.010799999999999876e+01
3.165300000000000182e+03 1.011399999999999899e+01
3.168000000000000000e+03 1.011999999999999922e+01
3.170199999999999818e+03 1.012500000000000000e+01
3.172000000000000000e+03 1.013000000000000078e+01
3.173400000000000091e+03 1.013499999999999979e+01
3.174500000000000000e+03 1.013899999999999935e+01
3.175199999999999818e+03 1.014299999999999891e+01
3.175699999999999818e+03 1.014700000000000024e+01
3.175900000000000091e+03 1.015000000000000036e+01
