7.928999999999999773e+02 6.620000000000000107e+00
6.417599999999999909e+02 6.584200000000000053e+00
6.313999999999999773e+02 6.535000000000000142e+00
6.387999999999999545e+02 6.509500000000000064e+00
6.431799999999999500e+02 6.491200000000000081e+00
6.450000000000000000e+02 6.475200000000000067e+00
6.451900000000000546e+02 6.459500000000000242e+00
6.426900000000000546e+02 6.443299999999999805e+00
6.392400000000000091e+02 6.426400000000000112e+00
6.355399999999999636e+02 6.408699999999999619e+00
6.315700000000000500e+02 6.390399999999999636e+00
6.272599999999999909e+02 6.372200000000000308e+00
6.232599999999999909e+02 6.354300000000000281e+00
6.196699999999999591e+02 6.336899999999999977e+00
6.164400000000000546e+02 6.319899999999999629e+00
6.135599999999999454e+02 6.303499999999999659e+00
6.110099999999999909e+02 6.287700000000000067e+00
6.087699999999999818e+02 6.272599999999999731e+00
6.067999999999999545e+02 6.258200000000000429e+00
6.050700000000000500e+02 6.244399999999999729e+00
6.035599999999999454e+02 6.231399999999999828e+00
6.022500000000000000e+02 6.219100000000000072e+00
6.011499999999999773e+02 6.207399999999999807e+00
6.002200000000000273e+02 6.196399999999999686e+00
5.994400000000000546e+02 6.186099999999999710e+00
5.987799999999999727e+02 6.176300000000000345e+00
5.982500000000000000e+02 6.167099999999999582e+00
5.978200000000000500e+02 6.158400000000000318e+00
5.974800000000000182e+02 6.150299999999999656e+00
5.972200000000000273e+02 6.142699999999999605e+00
5.970399999999999636e+02 6.135500000000000398e+00
5.969199999999999591e+02 6.128800000000000026e+00
5.968500000000000227e+02 6.122600000000000264e+00
5.968300000000000409e+02 6.116699999999999804e+00
5.968500000000000227e+02 6.111100000000000421e+00
5.969099999999999682e+02 6.105900000000000105e+00
5.969900000000000091e+02 6.100999999999999979e+00
5.970800000000000409e+02 6.096400000000000041e+00
5.971799999999999500e+02 6.092100000000000293e+00
5.972899999999999636e+02 6.087999999999999190e+00
5.973999999999999773e+02 6.084200000000000053e+00
5.975000000000000000e+02 6.080599999999999561e+00
5.976100000000000136e+02 6.077200000000000379e+00
5.977200000000000273e+02 6.074099999999999611e+00
5.978400000000000318e+02 6.071100000000000385e+00
5.979700000000000273e+02 6.068399999999999572e+00
5.981000000000000227e+02 6.065800000000000303e+00
5.982400000000000091e+02 6.063299999999999912e+00
5.983799999999999955e+02 6.060999999999999943e+00
5.985099999999999909e+02 6.058799999999999741e+00
5.986399999999999864e+02 6.056700000000000195e+00
5.987699999999999818e+02 6.054800000000000182e+00
5.988999999999999773e+02 6.052900000000000169e+00
5.990199999999999818e+02 6.051199999999999690e+00
5.991399999999999864e+02 6.049500000000000099e+00
5.992500000000000000e+02 6.047900000000000276e+00
5.993600000000000136e+02 6.046400000000000219e+00
5.994600000000000364e+02 6.044999999999999929e+00
5.995700000000000500e+02 6.043700000000000294e+00
5.996599999999999682e+02 6.042399999999999771e+00
5.997500000000000000e+02 6.041199999999999903e+00
5.998400000000000318e+02 6.040000000000000036e+00
5.999199999999999591e+02 6.038899999999999935e+00
5.999900000000000091e+02 6.037799999999999834e+00
6.000700000000000500e+02 6.036800000000000388e+00
6.001299999999999955e+02 6.035899999999999821e+00
6.001900000000000546e+02 6.034900000000000375e+00
6.002500000000000000e+02 6.034099999999999575e+00
6.003099999999999454e+02 6.033199999999999896e+00
6.003600000000000136e+02 6.032399999999999984e+00
6.003999999999999773e+02 6.031600000000000072e+00
6.004500000000000455e+02 6.030899999999999928e+00
6.004900000000000091e+02 6.030199999999999783e+00
6.005199999999999818e+02 6.029499999999999638e+00
6.005499999999999545e+02 6.028900000000000148e+00
6.005800000000000409e+02 6.028299999999999770e+00
6.006100000000000136e+02 6.027700000000000280e+00
6.006399999999999864e+02 6.027099999999999902e+00
6.006599999999999682e+02 6.026600000000000179e+00
6.006699999999999591e+02 6.025999999999999801e+00
6.006900000000000546e+02 6.025500000000000078e+00
6.007000000000000455e+02 6.025000000000000355e+00
6.007100000000000364e+02 6.024600000000000399e+00
6.007200000000000273e+02 6.024099999999999788e+00
6.007200000000000273e+02 6.023699999999999832e+00
6.007200000000000273e+02 6.023299999999999876e+00
6.007200000000000273e+02 6.022899999999999920e+00
6.007200000000000273e+02 6.022499999999999964e+00
6.007200000000000273e+02 6.022100000000000009e+00
6.007100000000000364e+02 6.021700000000000053e+00
6.007000000000000455e+02 6.021399999999999864e+00
6.007000000000000455e+02 6.021099999999999675e+00
6.006900000000000546e+02 6.020699999999999719e+00
6.006799999999999500e+02 6.020400000000000418e+00
6.006599999999999682e+02 6.020100000000000229e+00
6.006499999999999773e+02 6.019800000000000040e+00
6.006299999999999955e+02 6.019499999999999851e+00
6.006200000000000045e+02 6.019300000000000317e+00
6.006000000000000227e+02 6.019000000000000128e+00
6.005800000000000409e+02 6.018699999999999939e+00
6.005599999999999454e+02 6.018399999999999750e+00
6.005399999999999636e+02 6.018200000000000216e+00
6.005099999999999909e+02 6.017900000000000027e+00
6.004900000000000091e+02 6.017699999999999605e+00
6.004600000000000364e+02 6.017400000000000304e+00
6.004299999999999500e+02 6.017199999999999882e+00
6.003899999999999864e+02 6.016899999999999693e+00
6.003500000000000227e+02 6.016700000000000159e+00
6.003099999999999454e+02 6.016399999999999970e+00
6.002599999999999909e+02 6.016099999999999781e+00
6.001900000000000546e+02 6.015900000000000247e+00
6.001200000000000045e+02 6.015699999999999825e+00
6.000599999999999454e+02 6.015600000000000058e+00
6.000000000000000000e+02 6.015399999999999636e+00
5.999400000000000546e+02 6.015299999999999869e+00
5.998899999999999864e+02 6.015299999999999869e+00
5.998500000000000227e+02 6.015299999999999869e+00
5.998300000000000409e+02 6.015299999999999869e+00
5.998200000000000500e+02 6.015500000000000291e+00
5.998400000000000318e+02 6.015699999999999825e+00
5.998700000000000045e+02 6.016000000000000014e+00
5.999299999999999500e+02 6.016399999999999970e+00
6.000000000000000000e+02 6.016799999999999926e+00
6.001000000000000227e+02 6.017400000000000304e+00
6.002100000000000364e+02 6.017999999999999794e+00
6.003400000000000318e+02 6.018799999999999706e+00
6.004900000000000091e+02 6.019599999999999618e+00
6.006599999999999682e+02 6.020500000000000185e+00
6.008500000000000227e+02 6.021499999999999631e+00
6.010599999999999454e+02 6.022599999999999731e+00
6.012999999999999545e+02 6.023799999999999599e+00
6.015599999999999454e+02 6.025199999999999889e+00
6.018400000000000318e+02 6.026600000000000179e+00
6.021399999999999864e+02 6.028200000000000003e+00
6.025299999999999727e+02 6.030100000000000016e+00
6.030900000000000318e+02 6.032499999999999751e+00
6.037999999999999545e+02 6.035400000000000098e+00
6.046000000000000227e+02 6.038700000000000401e+00
6.054800000000000182e+02 6.042399999999999771e+00
6.064299999999999500e+02 6.046499999999999986e+00
6.074299999999999500e+02 6.051000000000000156e+00
6.084900000000000091e+02 6.055699999999999861e+00
6.096000000000000227e+02 6.060699999999999754e+00
6.107500000000000000e+02 6.065999999999999837e+00
6.119500000000000455e+02 6.071600000000000108e+00
6.131900000000000546e+02 6.077399999999999913e+00
6.144700000000000273e+02 6.083400000000000141e+00
6.157899999999999636e+02 6.089699999999999669e+00
6.171399999999999864e+02 6.096099999999999852e+00
6.185199999999999818e+02 6.102699999999999569e+00
6.199199999999999591e+02 6.109499999999999709e+00
6.213500000000000227e+02 6.116500000000000270e+00
6.227999999999999545e+02 6.123599999999999710e+00
6.242699999999999818e+02 6.130899999999999572e+00
6.257699999999999818e+02 6.138300000000000090e+00
6.272899999999999636e+02 6.145800000000000374e+00
6.288300000000000409e+02 6.153500000000000192e+00
6.303999999999999773e+02 6.161299999999999777e+00
6.319900000000000091e+02 6.169299999999999784e+00
6.335900000000000318e+02 6.177299999999999791e+00
6.352200000000000273e+02 6.185500000000000220e+00
6.368899999999999864e+02 6.193800000000000416e+00
6.386200000000000045e+02 6.202300000000000146e+00
6.403899999999999864e+02 6.211000000000000298e+00
6.421900000000000546e+02 6.219800000000000217e+00
6.439400000000000546e+02 6.228600000000000136e+00
6.456399999999999864e+02 6.237300000000000288e+00
6.473200000000000500e+02 6.246000000000000441e+00
6.490000000000000000e+02 6.254699999999999704e+00
6.506699999999999591e+02 6.263399999999999856e+00
6.523400000000000318e+02 6.272100000000000009e+00
6.540099999999999909e+02 6.280800000000000161e+00
6.557100000000000364e+02 6.289500000000000313e+00
6.574299999999999500e+02 6.298399999999999999e+00
6.591599999999999682e+02 6.307299999999999685e+00
6.608999999999999773e+02 6.316200000000000259e+00
6.626499999999999773e+02 6.325199999999999712e+00
6.644099999999999682e+02 6.334299999999999820e+00
6.662100000000000364e+02 6.343399999999999928e+00
6.680199999999999818e+02 6.352500000000000036e+00
6.698400000000000318e+02 6.361799999999999677e+00
6.716699999999999591e+02 6.371000000000000441e+00
6.735000000000000000e+02 6.380300000000000082e+00
6.753700000000000045e+02 6.389700000000000379e+00
6.773700000000000045e+02 6.399000000000000021e+00
6.792899999999999636e+02 6.408199999999999896e+00
6.811799999999999500e+02 6.417500000000000426e+00
6.830700000000000500e+02 6.426599999999999646e+00
6.849299999999999500e+02 6.435599999999999987e+00
6.867799999999999727e+02 6.444499999999999673e+00
6.886100000000000136e+02 6.453299999999999592e+00
6.903600000000000136e+02 6.462000000000000632e+00
6.911699999999999591e+02 6.470900000000000318e+00
6.923200000000000500e+02 6.480000000000000426e+00
6.934700000000000273e+02 6.489200000000000301e+00
6.947400000000000091e+02 6.498499999999999943e+00
6.961699999999999591e+02 6.507699999999999818e+00
6.977100000000000364e+02 6.516899999999999693e+00
6.993099999999999454e+02 6.525999999999999801e+00
7.009600000000000364e+02 6.535000000000000142e+00
7.026599999999999682e+02 6.543899999999999828e+00
7.044099999999999682e+02 6.552800000000000402e+00
7.062000000000000455e+02 6.561499999999999666e+00
7.080499999999999545e+02 6.570199999999999818e+00
7.099900000000000091e+02 6.578899999999999970e+00
7.120000000000000000e+02 6.587500000000000355e+00
7.140700000000000500e+02 6.596099999999999852e+00
7.162100000000000364e+02 6.604599999999999582e+00
7.183999999999999773e+02 6.613199999999999967e+00
7.206499999999999773e+02 6.621699999999999697e+00
7.229500000000000455e+02 6.630200000000000315e+00
7.253099999999999454e+02 6.638700000000000045e+00
7.277100000000000364e+02 6.647199999999999775e+00
7.301599999999999682e+02 6.655700000000000394e+00
7.326499999999999773e+02 6.664200000000000124e+00
7.351900000000000546e+02 6.672699999999999854e+00
7.379299999999999500e+02 6.681400000000000006e+00
7.410700000000000500e+02 6.690599999999999881e+00
7.445299999999999727e+02 6.700300000000000367e+00
7.482400000000000091e+02 6.710300000000000153e+00
7.521499999999999773e+02 6.720600000000000129e+00
7.562599999999999909e+02 6.731099999999999639e+00
7.605499999999999545e+02 6.741900000000000226e+00
7.647899999999999636e+02 6.752500000000000391e+00
7.688899999999999864e+02 6.762800000000000367e+00
7.729600000000000364e+02 6.772899999999999920e+00
7.770499999999999545e+02 6.782899999999999707e+00
7.811900000000000546e+02 6.792799999999999727e+00
7.853600000000000136e+02 6.802500000000000213e+00
7.893799999999999955e+02 6.811899999999999622e+00
7.932000000000000455e+02 6.820800000000000196e+00
7.967000000000000455e+02 6.829100000000000392e+00
7.998700000000000045e+02 6.836700000000000443e+00
8.028600000000000136e+02 6.843899999999999650e+00
8.057400000000000091e+02 6.850600000000000023e+00
8.085299999999999727e+02 6.857000000000000206e+00
8.112300000000000182e+02 6.863100000000000200e+00
8.136599999999999682e+02 6.868599999999999817e+00
8.157500000000000000e+02 6.873599999999999710e+00
8.175900000000000318e+02 6.877999999999999226e+00
8.192200000000000273e+02 6.882000000000000561e+00
8.207300000000000182e+02 6.885600000000000165e+00
8.221399999999999864e+02 6.888999999999999346e+00
8.235800000000000409e+02 6.892299999999999649e+00
8.252999999999999545e+02 6.895800000000000374e+00
8.273300000000000409e+02 6.899600000000000399e+00
8.295099999999999909e+02 6.903599999999999959e+00
8.317899999999999636e+02 6.907600000000000406e+00
8.341200000000000045e+02 6.911699999999999733e+00
8.365000000000000000e+02 6.915899999999999714e+00
8.389299999999999500e+02 6.920099999999999696e+00
8.413999999999999773e+02 6.924299999999999677e+00
8.439199999999999591e+02 6.928499999999999659e+00
8.464800000000000182e+02 6.932800000000000296e+00
8.490700000000000500e+02 6.937100000000000044e+00
8.516900000000000546e+02 6.941399999999999793e+00
8.543400000000000318e+02 6.945599999999999774e+00
8.570000000000000000e+02 6.949900000000000411e+00
8.596799999999999500e+02 6.954200000000000159e+00
8.623799999999999955e+02 6.958400000000000141e+00
8.650800000000000409e+02 6.962699999999999889e+00
8.677799999999999727e+02 6.966899999999999871e+00
8.705000000000000000e+02 6.971099999999999852e+00
8.732100000000000364e+02 6.975299999999999834e+00
8.759199999999999591e+02 6.979400000000000048e+00
8.786399999999999864e+02 6.983500000000000263e+00
8.813500000000000227e+02 6.987599999999999589e+00
8.840700000000000500e+02 6.991699999999999804e+00
8.867899999999999636e+02 6.995800000000000018e+00
8.895199999999999818e+02 6.999900000000000233e+00
8.922599999999999909e+02 7.003899999999999793e+00
8.950099999999999909e+02 7.007900000000000240e+00
8.977699999999999818e+02 7.012000000000000455e+00
9.005599999999999454e+02 7.016000000000000014e+00
9.033700000000000045e+02 7.020100000000000229e+00
9.061900000000000546e+02 7.024099999999999788e+00
9.090299999999999727e+02 7.028200000000000003e+00
9.118999999999999773e+02 7.032199999999999562e+00
9.147999999999999545e+02 7.036299999999999777e+00
9.177400000000000091e+02 7.040399999999999991e+00
9.207899999999999636e+02 7.044500000000000206e+00
9.238700000000000045e+02 7.048700000000000188e+00
9.269700000000000273e+02 7.052800000000000402e+00
9.300900000000000318e+02 7.057000000000000384e+00
9.332300000000000182e+02 7.061200000000000365e+00
9.363500000000000227e+02 7.065299999999999692e+00
9.394299999999999500e+02 7.069399999999999906e+00
9.425000000000000000e+02 7.073400000000000354e+00
9.455800000000000409e+02 7.077499999999999680e+00
9.486900000000000546e+02 7.081599999999999895e+00
9.518200000000000500e+02 7.085600000000000342e+00
9.550099999999999909e+02 7.089800000000000324e+00
9.582699999999999818e+02 7.093899999999999650e+00
9.616100000000000136e+02 7.098200000000000287e+00
9.650700000000000500e+02 7.102500000000000036e+00
9.688500000000000227e+02 7.107000000000000206e+00
9.726699999999999591e+02 7.111500000000000377e+00
9.764800000000000182e+02 7.116100000000000314e+00
9.803300000000000409e+02 7.120800000000000018e+00
9.842400000000000091e+02 7.125499999999999723e+00
9.882200000000000273e+02 7.130399999999999849e+00
9.922400000000000091e+02 7.135299999999999976e+00
9.963099999999999454e+02 7.140200000000000102e+00
1.000399999999999977e+03 7.145199999999999996e+00
1.004600000000000023e+03 7.150100000000000122e+00
1.008700000000000045e+03 7.155100000000000016e+00
1.012899999999999977e+03 7.160099999999999909e+00
1.017100000000000023e+03 7.165199999999999569e+00
1.021299999999999955e+03 7.170200000000000351e+00
1.025500000000000000e+03 7.175200000000000244e+00
1.029799999999999955e+03 7.180200000000000138e+00
1.034000000000000000e+03 7.185200000000000031e+00
1.038200000000000045e+03 7.190199999999999925e+00
1.042500000000000000e+03 7.195299999999999585e+00
1.046799999999999955e+03 7.200300000000000367e+00
1.051099999999999909e+03 7.205400000000000027e+00
1.055500000000000000e+03 7.210600000000000342e+00
1.059900000000000091e+03 7.215700000000000003e+00
1.064200000000000045e+03 7.220799999999999663e+00
1.068500000000000000e+03 7.225900000000000212e+00
1.072799999999999955e+03 7.230999999999999872e+00
1.077200000000000045e+03 7.236100000000000421e+00
1.081599999999999909e+03 7.241299999999999848e+00
1.086099999999999909e+03 7.246699999999999697e+00
1.090900000000000091e+03 7.252299999999999969e+00
1.096000000000000000e+03 7.258200000000000429e+00
1.101500000000000000e+03 7.264499999999999957e+00
1.107400000000000091e+03 7.271200000000000330e+00
1.113799999999999955e+03 7.278400000000000425e+00
1.120700000000000045e+03 7.286000000000000476e+00
1.127400000000000091e+03 7.294100000000000250e+00
1.134400000000000091e+03 7.302500000000000213e+00
1.142099999999999909e+03 7.311300000000000132e+00
1.150299999999999955e+03 7.320599999999999774e+00
1.159000000000000000e+03 7.330300000000000260e+00
1.168000000000000000e+03 7.340399999999999814e+00
1.177599999999999909e+03 7.350799999999999557e+00
1.187500000000000000e+03 7.361600000000000144e+00
1.197599999999999909e+03 7.372600000000000264e+00
1.209000000000000000e+03 7.383999999999999453e+00
1.219900000000000091e+03 7.395400000000000418e+00
1.230400000000000091e+03 7.406900000000000261e+00
1.240799999999999955e+03 7.418400000000000105e+00
1.250200000000000045e+03 7.429999999999999716e+00
1.260500000000000000e+03 7.441900000000000404e+00
1.271200000000000045e+03 7.453899999999999970e+00
1.282099999999999909e+03 7.466199999999999726e+00
1.293099999999999909e+03 7.478600000000000136e+00
1.304099999999999909e+03 7.491000000000000547e+00
1.315099999999999909e+03 7.503599999999999604e+00
1.326000000000000000e+03 7.516099999999999781e+00
1.336700000000000045e+03 7.528599999999999959e+00
1.347299999999999955e+03 7.541000000000000369e+00
1.357900000000000091e+03 7.553399999999999892e+00
1.368400000000000091e+03 7.565800000000000303e+00
1.378900000000000091e+03 7.578199999999999825e+00
1.389000000000000000e+03 7.590499999999999581e+00
1.399000000000000000e+03 7.602999999999999758e+00
1.409400000000000091e+03 7.615700000000000358e+00
1.420099999999999909e+03 7.628499999999999837e+00
1.431599999999999909e+03 7.641499999999999737e+00
1.443900000000000091e+03 7.654700000000000060e+00
1.456500000000000000e+03 7.668099999999999916e+00
1.469500000000000000e+03 7.681799999999999962e+00
1.482900000000000091e+03 7.695800000000000196e+00
1.496700000000000045e+03 7.710099999999999731e+00
1.510900000000000091e+03 7.724700000000000344e+00
1.525400000000000091e+03 7.739600000000000257e+00
1.540400000000000091e+03 7.754699999999999704e+00
1.555799999999999955e+03 7.769999999999999574e+00
1.571799999999999955e+03 7.785599999999999632e+00
1.588500000000000000e+03 7.801400000000000112e+00
1.605700000000000045e+03 7.817300000000000360e+00
1.623400000000000091e+03 7.833400000000000141e+00
1.642000000000000000e+03 7.849800000000000111e+00
1.661299999999999955e+03 7.866500000000000270e+00
1.681400000000000091e+03 7.883200000000000429e+00
1.702200000000000045e+03 7.899799999999999933e+00
1.724099999999999909e+03 7.916500000000000092e+00
1.752200000000000045e+03 7.932999999999999829e+00
1.774700000000000045e+03 7.949699999999999989e+00
1.798000000000000000e+03 7.966400000000000148e+00
1.821799999999999955e+03 7.982700000000000351e+00
1.843700000000000045e+03 7.999900000000000233e+00
1.866400000000000091e+03 8.018499999999999517e+00
1.891500000000000000e+03 8.038299999999999557e+00
1.918200000000000045e+03 8.058799999999999741e+00
1.946000000000000000e+03 8.079499999999999460e+00
1.975400000000000091e+03 8.100300000000000722e+00
2.004700000000000045e+03 8.121100000000000207e+00
2.033700000000000045e+03 8.141899999999999693e+00
2.063199999999999818e+03 8.163100000000000023e+00
2.093800000000000182e+03 8.184499999999999886e+00
2.124300000000000182e+03 8.205899999999999750e+00
2.154599999999999909e+03 8.227000000000000313e+00
2.183400000000000091e+03 8.247600000000000264e+00
2.212300000000000182e+03 8.268100000000000449e+00
2.244900000000000091e+03 8.287900000000000489e+00
2.276599999999999909e+03 8.306800000000000850e+00
2.309500000000000000e+03 8.324799999999999756e+00
2.342300000000000182e+03 8.341900000000000759e+00
2.375400000000000091e+03 8.358200000000000074e+00
2.408599999999999909e+03 8.374000000000000554e+00
2.441800000000000182e+03 8.389300000000000423e+00
2.475000000000000000e+03 8.404199999999999449e+00
2.509000000000000000e+03 8.418599999999999639e+00
2.543599999999999909e+03 8.432299999999999685e+00
2.577500000000000000e+03 8.445299999999999585e+00
2.610599999999999909e+03 8.457700000000000884e+00
2.642199999999999818e+03 8.469400000000000261e+00
2.671699999999999818e+03 8.480199999999999960e+00
2.699800000000000182e+03 8.490299999999999514e+00
2.725000000000000000e+03 8.499700000000000699e+00
2.740000000000000000e+03 8.510099999999999554e+00
2.758900000000000091e+03 8.521200000000000330e+00
2.779500000000000000e+03 8.532500000000000639e+00
2.800599999999999909e+03 8.543699999999999406e+00
2.821599999999999909e+03 8.554800000000000182e+00
2.812099999999999909e+03 8.567000000000000171e+00
2.791800000000000182e+03 8.596700000000000230e+00
2.813000000000000000e+03 8.620100000000000762e+00
2.832900000000000091e+03 8.642300000000000537e+00
2.853400000000000091e+03 8.663299999999999557e+00
2.873300000000000182e+03 8.683099999999999596e+00
2.892400000000000091e+03 8.702199999999999491e+00
2.911000000000000000e+03 8.720499999999999474e+00
2.929099999999999909e+03 8.738200000000000855e+00
2.946599999999999909e+03 8.755300000000000082e+00
2.963599999999999909e+03 8.771800000000000708e+00
2.980000000000000000e+03 8.787800000000000722e+00
2.995900000000000091e+03 8.803300000000000125e+00
3.011099999999999909e+03 8.818300000000000693e+00
3.025800000000000182e+03 8.832800000000000651e+00
3.039800000000000182e+03 8.846899999999999764e+00
3.053099999999999909e+03 8.860500000000000043e+00
3.065599999999999909e+03 8.873599999999999710e+00
3.077400000000000091e+03 8.886400000000000077e+00
3.088500000000000000e+03 8.898799999999999599e+00
3.098900000000000091e+03 8.910800000000000054e+00
3.108599999999999909e+03 8.922399999999999665e+00
3.116199999999999818e+03 8.932999999999999829e+00
3.124199999999999818e+03 8.943599999999999994e+00
3.132300000000000182e+03 8.954000000000000625e+00
3.139900000000000091e+03 8.964000000000000412e+00
3.146900000000000091e+03 8.973599999999999355e+00
3.153199999999999818e+03 8.982799999999999230e+00
3.159000000000000000e+03 8.991600000000000037e+00
3.164199999999999818e+03 9.000000000000000000e+00
3.168699999999999818e+03 9.007899999999999352e+00
3.172500000000000000e+03 9.015599999999999170e+00
3.175800000000000182e+03 9.022999999999999687e+00
3.178599999999999909e+03 9.030200000000000671e+00
3.181099999999999909e+03 9.037100000000000577e+00
3.183199999999999818e+03 9.043699999999999406e+00
3.185000000000000000e+03 9.050000000000000711e+00
3.186599999999999909e+03 9.056100000000000705e+00
3.187800000000000182e+03 9.061899999999999622e+00
3.188800000000000182e+03 9.067399999999999238e+00
3.189500000000000000e+03 9.072699999999999321e+00
3.189900000000000091e+03 9.077700000000000102e+00
