8.087799999999999727e+02 6.059499999999999886e+00
7.217599999999999909e+02 5.885600000000000165e+00
7.054400000000000546e+02 5.823999999999999844e+00
6.853600000000000136e+02 5.786100000000000243e+00
6.760000000000000000e+02 5.761599999999999611e+00
6.711100000000000136e+02 5.743800000000000239e+00
6.678300000000000409e+02 5.729400000000000048e+00
6.649700000000000273e+02 5.716700000000000337e+00
6.618500000000000227e+02 5.704299999999999926e+00
6.586399999999999864e+02 5.691900000000000404e+00
6.548899999999999864e+02 5.678799999999999848e+00
6.507500000000000000e+02 5.664699999999999847e+00
6.467500000000000000e+02 5.650199999999999889e+00
6.429400000000000546e+02 5.635399999999999743e+00
6.393300000000000409e+02 5.620400000000000063e+00
6.359400000000000546e+02 5.605500000000000149e+00
6.328200000000000500e+02 5.590700000000000003e+00
6.298999999999999773e+02 5.576000000000000512e+00
6.271599999999999682e+02 5.561700000000000088e+00
6.246399999999999864e+02 5.547799999999999621e+00
6.223400000000000318e+02 5.534200000000000230e+00
6.202500000000000000e+02 5.521099999999999675e+00
6.183400000000000318e+02 5.508499999999999730e+00
6.166100000000000136e+02 5.496299999999999741e+00
6.150499999999999545e+02 5.484499999999999709e+00
6.136699999999999591e+02 5.473300000000000054e+00
6.124500000000000455e+02 5.462399999999999700e+00
6.113400000000000318e+02 5.452000000000000846e+00
6.103600000000000136e+02 5.442099999999999937e+00
6.095199999999999818e+02 5.432699999999999640e+00
6.087699999999999818e+02 5.423600000000000421e+00
6.081200000000000045e+02 5.415000000000000036e+00
6.075700000000000500e+02 5.406799999999999606e+00
6.071100000000000136e+02 5.399000000000000021e+00
6.067200000000000273e+02 5.391499999999999737e+00
6.063899999999999864e+02 5.384400000000000297e+00
6.060900000000000318e+02 5.377600000000000158e+00
6.058099999999999454e+02 5.371100000000000207e+00
6.055700000000000500e+02 5.365099999999999980e+00
6.053700000000000045e+02 5.359300000000000175e+00
6.051200000000000045e+02 5.353900000000000325e+00
6.049299999999999500e+02 5.348799999999999777e+00
6.047799999999999727e+02 5.343999999999999417e+00
6.046599999999999682e+02 5.339400000000000368e+00
6.045599999999999454e+02 5.335099999999999731e+00
6.044900000000000091e+02 5.331000000000000405e+00
6.044299999999999500e+02 5.327099999999999724e+00
6.043899999999999864e+02 5.323400000000000354e+00
6.043700000000000045e+02 5.319899999999999629e+00
6.043600000000000136e+02 5.316499999999999559e+00
6.043500000000000227e+02 5.313299999999999912e+00
6.043500000000000227e+02 5.310299999999999798e+00
6.043600000000000136e+02 5.307400000000000340e+00
6.043600000000000136e+02 5.304700000000000415e+00
6.043799999999999955e+02 5.302100000000000257e+00
6.043899999999999864e+02 5.299599999999999866e+00
6.044099999999999682e+02 5.297200000000000131e+00
6.044199999999999591e+02 5.294999999999999929e+00
6.044400000000000546e+02 5.292900000000000382e+00
6.044600000000000364e+02 5.290799999999999947e+00
6.044700000000000273e+02 5.288899999999999935e+00
6.044900000000000091e+02 5.287099999999999689e+00
6.045099999999999909e+02 5.285300000000000331e+00
6.045199999999999818e+02 5.283599999999999852e+00
6.045299999999999727e+02 5.282000000000000028e+00
6.045499999999999545e+02 5.280499999999999972e+00
6.045599999999999454e+02 5.279099999999999682e+00
6.045700000000000500e+02 5.277700000000000280e+00
6.045700000000000500e+02 5.276399999999999757e+00
6.045800000000000409e+02 5.275100000000000122e+00
6.045800000000000409e+02 5.274000000000000021e+00
6.045900000000000318e+02 5.272800000000000153e+00
6.045900000000000318e+02 5.271700000000000053e+00
6.045900000000000318e+02 5.270699999999999719e+00
6.045900000000000318e+02 5.269700000000000273e+00
6.045900000000000318e+02 5.268799999999999706e+00
6.045800000000000409e+02 5.267900000000000027e+00
6.045800000000000409e+02 5.267000000000000348e+00
6.045700000000000500e+02 5.266200000000000436e+00
6.045599999999999454e+02 5.265399999999999636e+00
6.045499999999999545e+02 5.264700000000000379e+00
6.045399999999999636e+02 5.263999999999999346e+00
6.045299999999999727e+02 5.263300000000000090e+00
6.045099999999999909e+02 5.262699999999999712e+00
6.045000000000000000e+02 5.262100000000000222e+00
6.044800000000000182e+02 5.261499999999999844e+00
6.044700000000000273e+02 5.260900000000000354e+00
6.044500000000000455e+02 5.260399999999999743e+00
6.044299999999999500e+02 5.259900000000000020e+00
6.044099999999999682e+02 5.259400000000000297e+00
6.043899999999999864e+02 5.258899999999999686e+00
6.043700000000000045e+02 5.258499999999999730e+00
6.043500000000000227e+02 5.257999999999999119e+00
6.043300000000000409e+02 5.257600000000000051e+00
6.042999999999999545e+02 5.257200000000000095e+00
6.042799999999999727e+02 5.256899999999999906e+00
6.042599999999999909e+02 5.256499999999999950e+00
6.042300000000000182e+02 5.256199999999999761e+00
6.042100000000000364e+02 5.255799999999999805e+00
6.041799999999999500e+02 5.255499999999999616e+00
6.041599999999999682e+02 5.255200000000000315e+00
6.041299999999999955e+02 5.254900000000000126e+00
6.041000000000000227e+02 5.254599999999999937e+00
6.040700000000000500e+02 5.254299999999999748e+00
6.040399999999999636e+02 5.254100000000000215e+00
6.040099999999999909e+02 5.253800000000000026e+00
6.039700000000000273e+02 5.253499999999999837e+00
6.039400000000000546e+02 5.253300000000000303e+00
6.038999999999999773e+02 5.252999999999999226e+00
6.038300000000000409e+02 5.252799999999999692e+00
6.037699999999999818e+02 5.252600000000000158e+00
6.037100000000000364e+02 5.252500000000000391e+00
6.036599999999999682e+02 5.252399999999999736e+00
6.036100000000000136e+02 5.252399999999999736e+00
6.035599999999999454e+02 5.252399999999999736e+00
6.035199999999999818e+02 5.252500000000000391e+00
6.034900000000000091e+02 5.252500000000000391e+00
6.034600000000000364e+02 5.252699999999999925e+00
6.034500000000000455e+02 5.252799999999999692e+00
6.034600000000000364e+02 5.253099999999999881e+00
6.034800000000000182e+02 5.253400000000000070e+00
6.035199999999999818e+02 5.253700000000000259e+00
6.035800000000000409e+02 5.254199999999999982e+00
6.036599999999999682e+02 5.254699999999999704e+00
6.037599999999999909e+02 5.255300000000000082e+00
6.038700000000000045e+02 5.255899999999999572e+00
6.040000000000000000e+02 5.256599999999999717e+00
6.041399999999999864e+02 5.257399999999999629e+00
6.043099999999999454e+02 5.258300000000000196e+00
6.045000000000000000e+02 5.259199999999999875e+00
6.047000000000000455e+02 5.260299999999999976e+00
6.049299999999999500e+02 5.261400000000000077e+00
6.051799999999999500e+02 5.262599999999999945e+00
6.054199999999999591e+02 5.263999999999999346e+00
6.057100000000000364e+02 5.265500000000000291e+00
6.061000000000000227e+02 5.267299999999999649e+00
6.066100000000000136e+02 5.269400000000000084e+00
6.072200000000000273e+02 5.271899999999999586e+00
6.079199999999999591e+02 5.274700000000000166e+00
6.086900000000000546e+02 5.277800000000000047e+00
6.095299999999999727e+02 5.281200000000000117e+00
6.104400000000000546e+02 5.284900000000000375e+00
6.113999999999999773e+02 5.288899999999999935e+00
6.124199999999999591e+02 5.293199999999999683e+00
6.134800000000000182e+02 5.297699999999999854e+00
6.145900000000000318e+02 5.302399999999999558e+00
6.157300000000000182e+02 5.307299999999999685e+00
6.168999999999999773e+02 5.312500000000000000e+00
6.181100000000000136e+02 5.317800000000000082e+00
6.193600000000000136e+02 5.323400000000000354e+00
6.206299999999999955e+02 5.329100000000000392e+00
6.219299999999999500e+02 5.334900000000000198e+00
6.232599999999999909e+02 5.341000000000000192e+00
6.246100000000000136e+02 5.347199999999999953e+00
6.259900000000000091e+02 5.353500000000000369e+00
6.273999999999999773e+02 5.360000000000000320e+00
6.287500000000000000e+02 5.366600000000000037e+00
6.301399999999999864e+02 5.373499999999999943e+00
6.315599999999999454e+02 5.380399999999999849e+00
6.330099999999999909e+02 5.387500000000000178e+00
6.344800000000000182e+02 5.394700000000000273e+00
6.359800000000000182e+02 5.401900000000000368e+00
6.375000000000000000e+02 5.409299999999999997e+00
6.390599999999999454e+02 5.416900000000000048e+00
6.406599999999999682e+02 5.424500000000000099e+00
6.422799999999999727e+02 5.432299999999999685e+00
6.438799999999999955e+02 5.440100000000000158e+00
6.454800000000000182e+02 5.447899999999999743e+00
6.470700000000000500e+02 5.455799999999999983e+00
6.486499999999999773e+02 5.463599999999999568e+00
6.502300000000000182e+02 5.471499999999999808e+00
6.518099999999999454e+02 5.479400000000000048e+00
6.533999999999999773e+02 5.487300000000000288e+00
6.550000000000000000e+02 5.495300000000000296e+00
6.566000000000000227e+02 5.503300000000000303e+00
6.582100000000000364e+02 5.511400000000000077e+00
6.598600000000000136e+02 5.519599999999999618e+00
6.615399999999999636e+02 5.527800000000000047e+00
6.632300000000000182e+02 5.536000000000000476e+00
6.649099999999999682e+02 5.544299999999999784e+00
6.666000000000000227e+02 5.552599999999999980e+00
6.682799999999999727e+02 5.560999999999999943e+00
6.699700000000000273e+02 5.569499999999999673e+00
6.716799999999999500e+02 5.577999999999999403e+00
6.734700000000000273e+02 5.586700000000000443e+00
6.752400000000000091e+02 5.595600000000000129e+00
6.771699999999999591e+02 5.604300000000000281e+00
6.790499999999999545e+02 5.612999999999999545e+00
6.809099999999999682e+02 5.621699999999999697e+00
6.827599999999999909e+02 5.630200000000000315e+00
6.846000000000000227e+02 5.638700000000000045e+00
6.864299999999999500e+02 5.647100000000000009e+00
6.880299999999999727e+02 5.655199999999999783e+00
6.892699999999999818e+02 5.662799999999999834e+00
6.902000000000000455e+02 5.669800000000000395e+00
6.914099999999999682e+02 5.676899999999999835e+00
6.927799999999999727e+02 5.683900000000000396e+00
6.942699999999999818e+02 5.691099999999999604e+00
6.958300000000000409e+02 5.698199999999999932e+00
6.974600000000000364e+02 5.705499999999999794e+00
6.991399999999999864e+02 5.712699999999999889e+00
7.008799999999999955e+02 5.719999999999999751e+00
7.026699999999999591e+02 5.727299999999999613e+00
7.045299999999999727e+02 5.734600000000000364e+00
7.064500000000000455e+02 5.741900000000000226e+00
7.084600000000000364e+02 5.749299999999999855e+00
7.105099999999999909e+02 5.756800000000000139e+00
7.126100000000000136e+02 5.764300000000000423e+00
7.147699999999999818e+02 5.771799999999999820e+00
7.169800000000000182e+02 5.779399999999999871e+00
7.192500000000000000e+02 5.787000000000000810e+00
7.215700000000000500e+02 5.794699999999999740e+00
7.239199999999999591e+02 5.802399999999999558e+00
7.263099999999999454e+02 5.810200000000000031e+00
7.287500000000000000e+02 5.818100000000000271e+00
7.312400000000000091e+02 5.826000000000000512e+00
7.338099999999999454e+02 5.833999999999999631e+00
7.365700000000000500e+02 5.842100000000000293e+00
7.396399999999999864e+02 5.850399999999999601e+00
7.429800000000000182e+02 5.858999999999999986e+00
7.465800000000000409e+02 5.867899999999999672e+00
7.504199999999999591e+02 5.876900000000000013e+00
7.545000000000000000e+02 5.886000000000000121e+00
7.587400000000000091e+02 5.895299999999999763e+00
7.630000000000000000e+02 5.904499999999999638e+00
7.672599999999999909e+02 5.913599999999999746e+00
7.715299999999999727e+02 5.922500000000000320e+00
7.757599999999999909e+02 5.931400000000000006e+00
7.800499999999999545e+02 5.940199999999999925e+00
7.845099999999999909e+02 5.948800000000000310e+00
7.888500000000000227e+02 5.957000000000000739e+00
7.929400000000000546e+02 5.964800000000000324e+00
7.967500000000000000e+02 5.972299999999999720e+00
8.003700000000000045e+02 5.979300000000000281e+00
8.037899999999999636e+02 5.985899999999999999e+00
8.070599999999999454e+02 5.992099999999999760e+00
8.102100000000000364e+02 5.997999999999999332e+00
8.132000000000000455e+02 6.003499999999999837e+00
8.158899999999999864e+02 6.008600000000000385e+00
8.183099999999999454e+02 6.013300000000000090e+00
8.204800000000000182e+02 6.017699999999999605e+00
8.224299999999999500e+02 6.021600000000000286e+00
8.242200000000000273e+02 6.025299999999999656e+00
8.258999999999999773e+02 6.028800000000000381e+00
8.276299999999999955e+02 6.032099999999999795e+00
8.295499999999999545e+02 6.035400000000000098e+00
8.316299999999999955e+02 6.038800000000000168e+00
8.338300000000000409e+02 6.042200000000000237e+00
8.361200000000000045e+02 6.045600000000000307e+00
8.384800000000000182e+02 6.049100000000000144e+00
8.408899999999999864e+02 6.052500000000000213e+00
8.433500000000000227e+02 6.056000000000000050e+00
8.458600000000000136e+02 6.059499999999999886e+00
8.484199999999999591e+02 6.062899999999999956e+00
8.510199999999999818e+02 6.066399999999999793e+00
8.536399999999999864e+02 6.069799999999999862e+00
8.562999999999999545e+02 6.073199999999999932e+00
8.589800000000000182e+02 6.076600000000000001e+00
8.616799999999999500e+02 6.080000000000000071e+00
8.643899999999999864e+02 6.083400000000000141e+00
8.671200000000000045e+02 6.086800000000000210e+00
8.698600000000000136e+02 6.090099999999999625e+00
8.725900000000000318e+02 6.093499999999999694e+00
8.753300000000000409e+02 6.096799999999999997e+00
8.780599999999999454e+02 6.100100000000000300e+00
8.807899999999999636e+02 6.103399999999999714e+00
8.835299999999999727e+02 6.106600000000000250e+00
8.862599999999999909e+02 6.109899999999999665e+00
8.890000000000000000e+02 6.113100000000000200e+00
8.917400000000000091e+02 6.116399999999999615e+00
8.944800000000000182e+02 6.119600000000000151e+00
8.972300000000000182e+02 6.122799999999999798e+00
9.000000000000000000e+02 6.126000000000000334e+00
9.027799999999999727e+02 6.129299999999999748e+00
9.055700000000000500e+02 6.132500000000000284e+00
9.083899999999999864e+02 6.135699999999999932e+00
9.112200000000000273e+02 6.138999999999999346e+00
9.140700000000000500e+02 6.142199999999999882e+00
9.169400000000000546e+02 6.145500000000000185e+00
9.198400000000000318e+02 6.148799999999999599e+00
9.228099999999999454e+02 6.152099999999999902e+00
9.258400000000000318e+02 6.155400000000000205e+00
9.288999999999999773e+02 6.158800000000000274e+00
9.319800000000000182e+02 6.162300000000000111e+00
9.351000000000000227e+02 6.165700000000000180e+00
9.382200000000000273e+02 6.169200000000000017e+00
9.413200000000000500e+02 6.172600000000000087e+00
9.444099999999999682e+02 6.176099999999999923e+00
9.475000000000000000e+02 6.179499999999999993e+00
9.505900000000000318e+02 6.182900000000000063e+00
9.537100000000000364e+02 6.186300000000000132e+00
9.568600000000000136e+02 6.189799999999999969e+00
9.600599999999999454e+02 6.193299999999999805e+00
9.633200000000000500e+02 6.196799999999999642e+00
9.666699999999999591e+02 6.200400000000000134e+00
9.705000000000000000e+02 6.204100000000000392e+00
9.743600000000000136e+02 6.207600000000000229e+00
9.778899999999999864e+02 6.211299999999999599e+00
9.815800000000000409e+02 6.215099999999999625e+00
9.853700000000000045e+02 6.219100000000000072e+00
9.892500000000000000e+02 6.223099999999999632e+00
9.931900000000000546e+02 6.227199999999999847e+00
9.971900000000000546e+02 6.231399999999999828e+00
1.001200000000000045e+03 6.235599999999999810e+00
1.005299999999999955e+03 6.239899999999999558e+00
1.009500000000000000e+03 6.244200000000000195e+00
1.013600000000000023e+03 6.248499999999999943e+00
1.017799999999999955e+03 6.252900000000000347e+00
1.022000000000000000e+03 6.257299999999999862e+00
1.026200000000000045e+03 6.261700000000000266e+00
1.030400000000000091e+03 6.266200000000000436e+00
1.034599999999999909e+03 6.270599999999999952e+00
1.038799999999999955e+03 6.275100000000000122e+00
1.043099999999999909e+03 6.279499999999999638e+00
1.047299999999999955e+03 6.283999999999999808e+00
1.051599999999999909e+03 6.288599999999999746e+00
1.056000000000000000e+03 6.293199999999999683e+00
1.060299999999999955e+03 6.297799999999999621e+00
1.064599999999999909e+03 6.302399999999999558e+00
1.068900000000000091e+03 6.307000000000000384e+00
1.073200000000000045e+03 6.311600000000000321e+00
1.077500000000000000e+03 6.316300000000000026e+00
1.081900000000000091e+03 6.321000000000000618e+00
1.086299999999999955e+03 6.325700000000000323e+00
1.090900000000000091e+03 6.330499999999999794e+00
1.095700000000000045e+03 6.335499999999999687e+00
1.100700000000000045e+03 6.340700000000000003e+00
1.106200000000000045e+03 6.346199999999999619e+00
1.112000000000000000e+03 6.352100000000000080e+00
1.118299999999999955e+03 6.358299999999999841e+00
1.124299999999999955e+03 6.364899999999999558e+00
1.130599999999999909e+03 6.372200000000000308e+00
1.138000000000000000e+03 6.379699999999999704e+00
1.145700000000000045e+03 6.387500000000000178e+00
1.153900000000000091e+03 6.395699999999999719e+00
1.162500000000000000e+03 6.404099999999999682e+00
1.171500000000000000e+03 6.413100000000000023e+00
1.180900000000000091e+03 6.422399999999999665e+00
1.190599999999999909e+03 6.432100000000000151e+00
1.202200000000000045e+03 6.442000000000000171e+00
1.212400000000000091e+03 6.451900000000000190e+00
1.222500000000000000e+03 6.462299999999999933e+00
1.232700000000000045e+03 6.472999999999999865e+00
1.241299999999999955e+03 6.483900000000000219e+00
1.251599999999999909e+03 6.495300000000000296e+00
1.262200000000000045e+03 6.506599999999999717e+00
1.272700000000000045e+03 6.518299999999999983e+00
1.283400000000000091e+03 6.530199999999999783e+00
1.294200000000000045e+03 6.542300000000000004e+00
1.305000000000000000e+03 6.554700000000000415e+00
1.315799999999999955e+03 6.567099999999999937e+00
1.326400000000000091e+03 6.579699999999999882e+00
1.337000000000000000e+03 6.592399999999999594e+00
1.347599999999999909e+03 6.605000000000000426e+00
1.358200000000000045e+03 6.617700000000000138e+00
1.368700000000000045e+03 6.630300000000000082e+00
1.379099999999999909e+03 6.642800000000000260e+00
1.389299999999999955e+03 6.655100000000000016e+00
1.399500000000000000e+03 6.667399999999999771e+00
1.410000000000000000e+03 6.679800000000000182e+00
1.421000000000000000e+03 6.692400000000000126e+00
1.432700000000000045e+03 6.705499999999999794e+00
1.444799999999999955e+03 6.718899999999999650e+00
1.457299999999999955e+03 6.732700000000000351e+00
1.470200000000000045e+03 6.746800000000000352e+00
1.483500000000000000e+03 6.761300000000000310e+00
1.497200000000000045e+03 6.776099999999999568e+00
1.511299999999999955e+03 6.791299999999999670e+00
1.525799999999999955e+03 6.806799999999999962e+00
1.540700000000000045e+03 6.822700000000000209e+00
1.556299999999999955e+03 6.838799999999999990e+00
1.572599999999999909e+03 6.855299999999999727e+00
1.589299999999999955e+03 6.872200000000000308e+00
1.606599999999999909e+03 6.889300000000000423e+00
1.624500000000000000e+03 6.906900000000000261e+00
1.643200000000000045e+03 6.925099999999999589e+00
1.662700000000000045e+03 6.943699999999999761e+00
1.683000000000000000e+03 6.962699999999999889e+00
1.704299999999999955e+03 6.982199999999999740e+00
1.730599999999999909e+03 7.002999999999999226e+00
1.752799999999999955e+03 7.024799999999999933e+00
1.776099999999999909e+03 7.046400000000000219e+00
1.799900000000000091e+03 7.068100000000000271e+00
1.820099999999999909e+03 7.089199999999999946e+00
1.840299999999999955e+03 7.111900000000000333e+00
1.863400000000000091e+03 7.136099999999999888e+00
1.888599999999999909e+03 7.161699999999999733e+00
1.914900000000000091e+03 7.188299999999999912e+00
1.942299999999999955e+03 7.216199999999999726e+00
1.970500000000000000e+03 7.245300000000000296e+00
1.998299999999999955e+03 7.275400000000000311e+00
2.026400000000000091e+03 7.306600000000000428e+00
2.056000000000000000e+03 7.338599999999999568e+00
2.086400000000000091e+03 7.371199999999999974e+00
2.116699999999999818e+03 7.403599999999999959e+00
2.145099999999999909e+03 7.436499999999999666e+00
2.173699999999999818e+03 7.469100000000000072e+00
2.197500000000000000e+03 7.500600000000000378e+00
2.218800000000000182e+03 7.531399999999999650e+00
2.239599999999999909e+03 7.560999999999999943e+00
2.259699999999999818e+03 7.588999999999999524e+00
2.279099999999999909e+03 7.615800000000000125e+00
2.298000000000000000e+03 7.641399999999999970e+00
2.316500000000000000e+03 7.666100000000000136e+00
2.334699999999999818e+03 7.689799999999999969e+00
2.354500000000000000e+03 7.712100000000000399e+00
2.374900000000000091e+03 7.732999999999999652e+00
2.394699999999999818e+03 7.752900000000000347e+00
2.414000000000000000e+03 7.771799999999999820e+00
2.432500000000000000e+03 7.789699999999999847e+00
2.449699999999999818e+03 7.806400000000000006e+00
2.465900000000000091e+03 7.821900000000000297e+00
2.481599999999999909e+03 7.836299999999999599e+00
2.488599999999999909e+03 7.848399999999999821e+00
2.498199999999999818e+03 7.859600000000000364e+00
2.509500000000000000e+03 7.870300000000000296e+00
2.521199999999999818e+03 7.880799999999999805e+00
2.533000000000000000e+03 7.890900000000000247e+00
2.560800000000000182e+03 7.905899999999999928e+00
2.736500000000000000e+03 7.944899999999999629e+00
2.757000000000000000e+03 7.973499999999999588e+00
2.781400000000000091e+03 7.998099999999999987e+00
2.805099999999999909e+03 8.020300000000000651e+00
2.826699999999999818e+03 8.041199999999999903e+00
2.847699999999999818e+03 8.060900000000000176e+00
2.867699999999999818e+03 8.079700000000000770e+00
2.887300000000000182e+03 8.097699999999999676e+00
2.906099999999999909e+03 8.114900000000000446e+00
2.924199999999999818e+03 8.131399999999999295e+00
2.941800000000000182e+03 8.147299999999999542e+00
2.958699999999999818e+03 8.162499999999999645e+00
2.974900000000000091e+03 8.177199999999999136e+00
2.990500000000000000e+03 8.191399999999999793e+00
3.005400000000000091e+03 8.205000000000000071e+00
3.019500000000000000e+03 8.218299999999999272e+00
3.032599999999999909e+03 8.231199999999999406e+00
3.044800000000000182e+03 8.243999999999999773e+00
3.056400000000000091e+03 8.256600000000000605e+00
3.067400000000000091e+03 8.268900000000000361e+00
3.077699999999999818e+03 8.281000000000000583e+00
3.086400000000000091e+03 8.292699999999999960e+00
3.094699999999999818e+03 8.304000000000000270e+00
3.103400000000000091e+03 8.315099999999999270e+00
3.111599999999999909e+03 8.325900000000000745e+00
3.119199999999999818e+03 8.336399999999999366e+00
3.126300000000000182e+03 8.346600000000000463e+00
3.132800000000000182e+03 8.356400000000000716e+00
3.138699999999999818e+03 8.365899999999999892e+00
3.143599999999999909e+03 8.375199999999999534e+00
3.147800000000000182e+03 8.384399999999999409e+00
3.151500000000000000e+03 8.393399999999999750e+00
3.154900000000000091e+03 8.402200000000000557e+00
3.157900000000000091e+03 8.410800000000000054e+00
3.160599999999999909e+03 8.419100000000000250e+00
3.163000000000000000e+03 8.427099999999999369e+00
3.165099999999999909e+03 8.434900000000000730e+00
3.166900000000000091e+03 8.442399999999999238e+00
3.168500000000000000e+03 8.449699999999999989e+00
3.169699999999999818e+03 8.456699999999999662e+00
3.170699999999999818e+03 8.463400000000000034e+00
3.171300000000000182e+03 8.469799999999999329e+00
3.171599999999999909e+03 8.476000000000000867e+00
