8.609600000000000364e+02 5.360199999999999854e+00
8.669500000000000455e+02 5.139300000000000423e+00
7.766699999999999591e+02 5.112800000000000011e+00
7.385700000000000500e+02 5.092999999999999972e+00
7.184800000000000182e+02 5.074300000000000033e+00
7.073200000000000500e+02 5.057500000000000107e+00
7.005199999999999818e+02 5.042399999999999771e+00
6.957999999999999545e+02 5.028599999999999959e+00
6.919400000000000546e+02 5.015600000000000058e+00
6.883899999999999864e+02 5.002900000000000347e+00
6.850000000000000000e+02 4.990499999999999936e+00
6.814600000000000364e+02 4.977999999999999758e+00
6.777599999999999909e+02 4.965200000000000280e+00
6.740800000000000409e+02 4.952200000000000379e+00
6.703600000000000136e+02 4.939300000000000246e+00
6.668700000000000045e+02 4.926300000000000345e+00
6.635299999999999727e+02 4.913199999999999790e+00
6.603500000000000227e+02 4.900199999999999889e+00
6.573300000000000409e+02 4.887299999999999756e+00
6.544900000000000091e+02 4.874500000000000277e+00
6.518200000000000500e+02 4.861799999999999677e+00
6.493200000000000500e+02 4.849300000000000388e+00
6.469500000000000455e+02 4.836999999999999744e+00
6.447300000000000182e+02 4.824900000000000411e+00
6.427300000000000182e+02 4.813200000000000145e+00
6.408999999999999773e+02 4.801599999999999646e+00
6.390800000000000409e+02 4.790399999999999991e+00
6.374400000000000546e+02 4.779499999999999638e+00
6.359800000000000182e+02 4.769000000000000128e+00
6.345900000000000318e+02 4.758700000000000152e+00
6.332999999999999545e+02 4.748899999999999899e+00
6.321699999999999591e+02 4.739399999999999835e+00
6.311599999999999682e+02 4.730100000000000193e+00
6.302699999999999818e+02 4.721199999999999619e+00
6.294600000000000364e+02 4.712500000000000355e+00
6.286100000000000136e+02 4.704299999999999926e+00
6.277699999999999818e+02 4.696500000000000341e+00
6.270099999999999909e+02 4.689099999999999824e+00
6.263300000000000409e+02 4.681999999999999496e+00
6.257100000000000364e+02 4.675200000000000244e+00
6.251299999999999955e+02 4.668800000000000061e+00
6.245900000000000318e+02 4.662600000000000300e+00
6.240900000000000318e+02 4.656699999999999839e+00
6.236399999999999864e+02 4.650999999999999801e+00
6.232400000000000091e+02 4.645500000000000185e+00
6.228700000000000045e+02 4.640299999999999869e+00
6.225499999999999545e+02 4.635299999999999976e+00
6.222500000000000000e+02 4.630499999999999616e+00
6.219800000000000182e+02 4.625899999999999679e+00
6.217200000000000273e+02 4.621500000000000163e+00
6.214800000000000182e+02 4.617399999999999949e+00
6.212599999999999909e+02 4.613400000000000389e+00
6.210499999999999545e+02 4.609600000000000364e+00
6.208500000000000227e+02 4.605999999999999872e+00
6.206699999999999591e+02 4.602500000000000036e+00
6.205099999999999909e+02 4.599199999999999733e+00
6.203500000000000227e+02 4.596099999999999852e+00
6.202000000000000455e+02 4.593099999999999739e+00
6.200599999999999454e+02 4.590200000000000280e+00
6.199199999999999591e+02 4.587500000000000355e+00
6.197999999999999545e+02 4.584900000000000198e+00
6.196799999999999500e+02 4.582499999999999574e+00
6.195599999999999454e+02 4.580099999999999838e+00
6.194600000000000364e+02 4.577899999999999636e+00
6.193500000000000227e+02 4.575800000000000090e+00
6.192500000000000000e+02 4.573800000000000310e+00
6.191599999999999682e+02 4.571900000000000297e+00
6.190599999999999454e+02 4.570000000000000284e+00
6.189800000000000182e+02 4.568299999999999805e+00
6.188899999999999864e+02 4.566600000000000215e+00
6.188099999999999454e+02 4.565100000000000158e+00
6.187300000000000182e+02 4.563600000000000101e+00
6.186499999999999773e+02 4.562100000000000044e+00
6.185800000000000409e+02 4.560800000000000409e+00
6.185000000000000000e+02 4.559499999999999886e+00
6.184299999999999500e+02 4.558200000000000252e+00
6.183700000000000045e+02 4.557100000000000151e+00
6.182999999999999545e+02 4.556000000000000050e+00
6.182300000000000182e+02 4.554899999999999949e+00
6.181699999999999591e+02 4.553899999999999615e+00
6.181100000000000136e+02 4.552900000000000169e+00
6.180499999999999545e+02 4.551999999999999602e+00
6.179900000000000091e+02 4.551099999999999923e+00
6.179299999999999500e+02 4.550300000000000011e+00
6.178799999999999955e+02 4.549500000000000099e+00
6.178300000000000409e+02 4.548700000000000188e+00
6.177799999999999727e+02 4.548000000000000043e+00
6.177400000000000091e+02 4.547299999999999898e+00
6.177000000000000455e+02 4.546700000000000408e+00
6.176599999999999682e+02 4.546100000000000030e+00
6.176200000000000045e+02 4.545499999999999652e+00
6.175800000000000409e+02 4.544999999999999929e+00
6.175499999999999545e+02 4.544400000000000439e+00
6.175099999999999909e+02 4.543899999999999828e+00
6.174800000000000182e+02 4.543499999999999872e+00
6.174500000000000455e+02 4.543000000000000149e+00
6.174199999999999591e+02 4.542600000000000193e+00
6.173899999999999864e+02 4.542200000000000237e+00
6.173600000000000136e+02 4.541800000000000281e+00
6.173300000000000409e+02 4.541400000000000325e+00
6.172999999999999545e+02 4.541100000000000136e+00
6.172699999999999818e+02 4.540700000000000180e+00
6.172400000000000091e+02 4.540399999999999991e+00
6.172100000000000364e+02 4.540099999999999802e+00
6.171799999999999500e+02 4.539799999999999613e+00
6.171499999999999773e+02 4.539500000000000313e+00
6.171200000000000045e+02 4.539200000000000124e+00
6.170900000000000318e+02 4.538999999999999702e+00
6.170599999999999454e+02 4.538700000000000401e+00
6.170700000000000500e+02 4.538499999999999979e+00
6.170900000000000318e+02 4.538299999999999557e+00
6.171399999999999864e+02 4.538199999999999790e+00
6.171900000000000546e+02 4.538100000000000023e+00
6.172500000000000000e+02 4.538100000000000023e+00
6.173099999999999454e+02 4.538100000000000023e+00
6.173799999999999955e+02 4.538199999999999790e+00
6.174600000000000364e+02 4.538199999999999790e+00
6.175399999999999636e+02 4.538400000000000212e+00
6.176399999999999864e+02 4.538499999999999979e+00
6.177400000000000091e+02 4.538700000000000401e+00
6.178600000000000136e+02 4.538999999999999702e+00
6.179900000000000091e+02 4.539299999999999891e+00
6.181299999999999955e+02 4.539600000000000080e+00
6.182899999999999636e+02 4.540099999999999802e+00
6.184700000000000273e+02 4.540499999999999758e+00
6.186599999999999682e+02 4.541000000000000369e+00
6.188600000000000136e+02 4.541599999999999859e+00
6.190900000000000318e+02 4.542300000000000004e+00
6.193300000000000409e+02 4.543000000000000149e+00
6.195800000000000409e+02 4.543700000000000294e+00
6.198600000000000136e+02 4.544599999999999973e+00
6.201499999999999773e+02 4.545499999999999652e+00
6.204600000000000364e+02 4.546400000000000219e+00
6.208400000000000318e+02 4.547500000000000320e+00
6.212899999999999636e+02 4.548799999999999955e+00
6.217799999999999727e+02 4.550200000000000244e+00
6.223500000000000227e+02 4.551700000000000301e+00
6.230000000000000000e+02 4.553499999999999659e+00
6.237300000000000182e+02 4.555500000000000327e+00
6.245399999999999636e+02 4.557699999999999640e+00
6.254199999999999591e+02 4.560100000000000264e+00
6.263700000000000045e+02 4.562700000000000422e+00
6.273899999999999864e+02 4.565599999999999881e+00
6.284700000000000273e+02 4.568699999999999761e+00
6.296000000000000227e+02 4.572099999999999831e+00
6.307899999999999636e+02 4.575599999999999667e+00
6.320299999999999727e+02 4.579299999999999926e+00
6.333200000000000500e+02 4.583300000000000374e+00
6.346499999999999773e+02 4.587399999999999700e+00
6.360199999999999818e+02 4.591700000000000337e+00
6.374299999999999500e+02 4.596099999999999852e+00
6.388799999999999955e+02 4.600799999999999557e+00
6.403700000000000045e+02 4.605500000000000149e+00
6.418899999999999864e+02 4.610400000000000276e+00
6.434500000000000455e+02 4.615499999999999936e+00
6.450399999999999636e+02 4.620700000000000252e+00
6.466499999999999773e+02 4.626000000000000334e+00
6.482799999999999727e+02 4.631400000000000183e+00
6.499400000000000546e+02 4.636899999999999800e+00
6.516399999999999864e+02 4.642500000000000071e+00
6.533700000000000045e+02 4.648200000000000109e+00
6.551200000000000045e+02 4.654099999999999682e+00
6.568899999999999864e+02 4.660000000000000142e+00
6.586900000000000546e+02 4.665899999999999714e+00
6.605299999999999727e+02 4.671999999999999709e+00
6.623999999999999773e+02 4.678200000000000358e+00
6.643099999999999454e+02 4.684499999999999886e+00
6.662200000000000273e+02 4.690900000000000070e+00
6.681399999999999864e+02 4.697300000000000253e+00
6.700599999999999454e+02 4.703800000000000203e+00
6.719800000000000182e+02 4.710300000000000153e+00
6.739099999999999682e+02 4.716800000000000104e+00
6.758099999999999454e+02 4.723499999999999588e+00
6.776499999999999773e+02 4.730199999999999960e+00
6.795299999999999727e+02 4.737099999999999866e+00
6.814299999999999500e+02 4.743999999999999773e+00
6.833600000000000136e+02 4.751000000000000334e+00
6.852999999999999545e+02 4.758200000000000429e+00
6.872500000000000000e+02 4.765600000000000058e+00
6.891799999999999500e+02 4.773100000000000342e+00
6.911200000000000045e+02 4.780700000000000394e+00
6.930800000000000409e+02 4.788400000000000212e+00
6.950599999999999454e+02 4.796100000000000030e+00
6.969700000000000273e+02 4.803999999999999382e+00
6.987799999999999727e+02 4.812199999999999811e+00
7.007599999999999909e+02 4.820500000000000007e+00
7.028300000000000409e+02 4.828999999999999737e+00
7.049700000000000273e+02 4.837500000000000355e+00
7.071399999999999864e+02 4.846099999999999852e+00
7.093099999999999454e+02 4.854800000000000004e+00
7.115000000000000000e+02 4.863500000000000156e+00
7.136799999999999500e+02 4.872200000000000308e+00
7.158300000000000409e+02 4.880899999999999572e+00
7.178400000000000318e+02 4.889599999999999724e+00
7.196200000000000045e+02 4.897999999999999687e+00
7.212799999999999727e+02 4.906200000000000117e+00
7.229700000000000273e+02 4.914399999999999658e+00
7.247400000000000091e+02 4.922600000000000087e+00
7.265800000000000409e+02 4.930799999999999628e+00
7.284900000000000091e+02 4.939000000000000057e+00
7.304600000000000364e+02 4.947300000000000253e+00
7.324800000000000182e+02 4.955700000000000216e+00
7.345499999999999545e+02 4.964199999999999946e+00
7.366699999999999591e+02 4.972800000000000331e+00
7.388500000000000227e+02 4.981399999999999828e+00
7.410000000000000000e+02 4.990199999999999747e+00
7.431699999999999591e+02 4.999200000000000088e+00
7.453999999999999773e+02 5.008399999999999963e+00
7.476900000000000546e+02 5.017699999999999605e+00
7.500299999999999727e+02 5.027199999999999669e+00
7.524299999999999500e+02 5.036800000000000388e+00
7.548899999999999864e+02 5.046599999999999753e+00
7.573500000000000227e+02 5.056499999999999773e+00
7.598400000000000318e+02 5.066600000000000215e+00
7.623899999999999864e+02 5.076900000000000190e+00
7.650099999999999909e+02 5.087299999999999933e+00
7.676799999999999500e+02 5.097900000000000098e+00
7.704700000000000273e+02 5.108699999999999797e+00
7.735099999999999909e+02 5.119600000000000151e+00
7.768099999999999454e+02 5.130700000000000038e+00
7.804099999999999682e+02 5.142000000000000348e+00
7.842999999999999545e+02 5.153299999999999770e+00
7.884700000000000273e+02 5.164799999999999613e+00
7.928899999999999864e+02 5.176300000000000345e+00
7.975099999999999909e+02 5.187899999999999956e+00
8.022400000000000091e+02 5.199300000000000033e+00
8.070399999999999636e+02 5.210499999999999687e+00
8.117200000000000273e+02 5.221400000000000041e+00
8.165199999999999818e+02 5.232099999999999973e+00
8.212699999999999818e+02 5.242499999999999716e+00
8.259500000000000455e+02 5.252399999999999736e+00
8.305099999999999909e+02 5.262000000000000455e+00
8.348600000000000136e+02 5.271200000000000330e+00
8.389700000000000273e+02 5.279799999999999827e+00
8.427999999999999545e+02 5.287999999999999368e+00
8.464600000000000364e+02 5.295700000000000074e+00
8.499500000000000455e+02 5.303099999999999703e+00
8.532699999999999818e+02 5.309999999999999609e+00
8.563799999999999955e+02 5.316499999999999559e+00
8.592200000000000273e+02 5.322600000000000442e+00
8.617899999999999636e+02 5.328299999999999592e+00
8.640199999999999818e+02 5.333599999999999675e+00
8.660299999999999727e+02 5.338599999999999568e+00
8.678899999999999864e+02 5.343200000000000394e+00
8.696399999999999864e+02 5.347599999999999909e+00
8.713999999999999773e+02 5.351799999999999891e+00
8.732500000000000000e+02 5.355900000000000105e+00
8.752200000000000273e+02 5.360000000000000320e+00
8.772899999999999636e+02 5.363900000000000112e+00
8.794299999999999500e+02 5.367799999999999905e+00
8.816399999999999864e+02 5.371599999999999930e+00
8.838899999999999864e+02 5.375399999999999956e+00
8.861900000000000546e+02 5.379100000000000215e+00
8.885199999999999818e+02 5.382799999999999585e+00
8.908700000000000045e+02 5.386400000000000077e+00
8.932500000000000000e+02 5.389999999999999680e+00
8.956599999999999682e+02 5.393500000000000405e+00
8.981000000000000227e+02 5.397000000000000242e+00
9.005599999999999454e+02 5.400400000000000311e+00
9.030299999999999727e+02 5.403800000000000381e+00
9.055099999999999909e+02 5.407199999999999562e+00
9.080099999999999909e+02 5.410499999999999865e+00
9.105099999999999909e+02 5.413700000000000401e+00
9.130099999999999909e+02 5.417000000000000703e+00
9.155099999999999909e+02 5.420200000000000351e+00
9.180099999999999909e+02 5.423300000000000232e+00
9.205099999999999909e+02 5.426400000000000112e+00
9.230000000000000000e+02 5.429499999999999993e+00
9.255000000000000000e+02 5.432500000000000107e+00
9.279900000000000091e+02 5.435599999999999987e+00
9.304800000000000182e+02 5.438500000000000334e+00
9.329800000000000182e+02 5.441499999999999559e+00
9.354800000000000182e+02 5.444499999999999673e+00
9.380000000000000000e+02 5.447400000000000020e+00
9.405299999999999727e+02 5.450300000000000367e+00
9.430800000000000409e+02 5.453100000000000058e+00
9.456499999999999773e+02 5.456000000000000405e+00
9.482500000000000000e+02 5.458800000000000097e+00
9.508799999999999955e+02 5.461599999999999788e+00
9.535299999999999727e+02 5.464500000000000135e+00
9.562300000000000182e+02 5.467299999999999827e+00
9.589700000000000273e+02 5.470100000000000406e+00
9.617599999999999909e+02 5.472900000000000098e+00
9.645900000000000318e+02 5.475699999999999790e+00
9.674500000000000455e+02 5.478500000000000369e+00
9.703300000000000409e+02 5.481300000000000061e+00
9.732200000000000273e+02 5.484099999999999753e+00
9.760900000000000318e+02 5.486799999999999677e+00
9.789600000000000364e+02 5.489600000000000257e+00
9.818300000000000409e+02 5.492300000000000182e+00
9.847100000000000364e+02 5.495000000000000107e+00
9.876000000000000227e+02 5.497700000000000031e+00
9.905299999999999727e+02 5.500399999999999956e+00
9.935000000000000000e+02 5.503199999999999648e+00
9.965399999999999636e+02 5.505899999999999572e+00
1.000399999999999977e+03 5.508799999999999919e+00
1.003799999999999955e+03 5.511599999999999611e+00
1.006899999999999977e+03 5.514300000000000423e+00
1.010200000000000045e+03 5.517100000000000115e+00
1.013600000000000023e+03 5.519899999999999807e+00
1.017200000000000045e+03 5.522800000000000153e+00
1.020799999999999955e+03 5.525699999999999612e+00
1.024599999999999909e+03 5.528599999999999959e+00
1.028299999999999955e+03 5.531500000000000306e+00
1.032200000000000045e+03 5.534500000000000419e+00
1.036099999999999909e+03 5.537499999999999645e+00
1.040000000000000000e+03 5.540600000000000414e+00
1.043900000000000091e+03 5.543599999999999639e+00
1.047900000000000091e+03 5.546700000000000408e+00
1.051799999999999955e+03 5.549800000000000288e+00
1.055799999999999955e+03 5.552900000000000169e+00
1.059799999999999955e+03 5.556000000000000050e+00
1.063799999999999955e+03 5.559099999999999930e+00
1.067799999999999955e+03 5.562299999999999578e+00
1.071799999999999955e+03 5.565500000000000114e+00
1.075799999999999955e+03 5.568699999999999761e+00
1.079900000000000091e+03 5.571900000000000297e+00
1.084000000000000000e+03 5.575199999999999712e+00
1.088099999999999909e+03 5.578500000000000014e+00
1.092200000000000045e+03 5.581800000000000317e+00
1.096200000000000045e+03 5.585200000000000387e+00
1.100299999999999955e+03 5.588499999999999801e+00
1.104400000000000091e+03 5.591899999999999871e+00
1.108599999999999909e+03 5.595299999999999940e+00
1.112799999999999955e+03 5.598799999999999777e+00
1.117099999999999909e+03 5.602299999999999613e+00
1.121700000000000045e+03 5.605999999999999872e+00
1.126599999999999909e+03 5.609799999999999898e+00
1.131799999999999955e+03 5.613800000000000345e+00
1.137400000000000091e+03 5.618100000000000094e+00
1.142400000000000091e+03 5.622399999999999842e+00
1.148099999999999909e+03 5.627100000000000435e+00
1.155000000000000000e+03 5.632100000000000328e+00
1.162099999999999909e+03 5.637400000000000411e+00
1.169400000000000091e+03 5.642999999999999794e+00
1.177200000000000045e+03 5.648900000000000254e+00
1.185400000000000091e+03 5.655100000000000016e+00
1.194099999999999909e+03 5.661699999999999733e+00
1.203099999999999909e+03 5.668700000000000294e+00
1.214599999999999909e+03 5.676199999999999690e+00
1.223700000000000045e+03 5.683799999999999741e+00
1.233200000000000045e+03 5.691699999999999982e+00
1.242799999999999955e+03 5.699900000000000411e+00
1.250400000000000091e+03 5.708099999999999952e+00
1.260400000000000091e+03 5.716700000000000337e+00
1.270599999999999909e+03 5.725699999999999790e+00
1.280500000000000000e+03 5.734700000000000131e+00
1.290599999999999909e+03 5.743800000000000239e+00
1.300900000000000091e+03 5.753099999999999881e+00
1.311200000000000045e+03 5.762699999999999712e+00
1.321500000000000000e+03 5.772400000000000198e+00
1.331700000000000045e+03 5.782399999999999984e+00
1.342000000000000000e+03 5.792500000000000426e+00
1.352200000000000045e+03 5.802900000000000169e+00
1.362400000000000091e+03 5.813500000000000334e+00
1.372700000000000045e+03 5.824200000000000266e+00
1.382900000000000091e+03 5.835200000000000387e+00
1.392900000000000091e+03 5.846199999999999619e+00
1.402799999999999955e+03 5.857400000000000162e+00
1.412799999999999955e+03 5.868800000000000239e+00
1.423099999999999909e+03 5.880399999999999849e+00
1.433799999999999955e+03 5.892500000000000071e+00
1.445099999999999909e+03 5.905000000000000249e+00
1.456700000000000045e+03 5.918099999999999916e+00
1.468599999999999909e+03 5.931700000000000195e+00
1.481000000000000000e+03 5.945800000000000196e+00
1.493599999999999909e+03 5.960499999999999687e+00
1.506599999999999909e+03 5.975799999999999557e+00
1.519900000000000091e+03 5.991699999999999804e+00
1.533799999999999955e+03 6.008300000000000196e+00
1.548400000000000091e+03 6.025199999999999889e+00
1.563599999999999909e+03 6.042600000000000193e+00
1.579200000000000045e+03 6.060599999999999987e+00
1.595200000000000045e+03 6.079299999999999926e+00
1.611799999999999955e+03 6.098600000000000243e+00
1.629000000000000000e+03 6.118599999999999817e+00
1.647099999999999909e+03 6.139199999999999768e+00
1.666000000000000000e+03 6.160599999999999632e+00
1.685799999999999955e+03 6.182699999999999640e+00
1.707000000000000000e+03 6.205899999999999750e+00
1.729099999999999909e+03 6.229899999999999771e+00
1.751299999999999955e+03 6.254699999999999704e+00
1.773599999999999909e+03 6.280100000000000016e+00
1.794900000000000091e+03 6.305500000000000327e+00
1.813500000000000000e+03 6.329699999999999882e+00
1.833700000000000045e+03 6.353799999999999670e+00
1.855400000000000091e+03 6.378700000000000259e+00
1.878400000000000091e+03 6.404200000000000337e+00
1.902200000000000045e+03 6.430600000000000094e+00
1.926900000000000091e+03 6.457699999999999996e+00
1.952200000000000045e+03 6.485599999999999810e+00
1.978299999999999955e+03 6.514300000000000423e+00
2.006200000000000045e+03 6.544100000000000250e+00
2.035000000000000000e+03 6.574699999999999989e+00
2.063000000000000000e+03 6.605500000000000149e+00
2.088199999999999818e+03 6.635600000000000165e+00
2.113099999999999909e+03 6.665399999999999991e+00
2.136000000000000000e+03 6.694300000000000139e+00
2.157199999999999818e+03 6.721799999999999997e+00
2.178400000000000091e+03 6.748599999999999710e+00
2.199400000000000091e+03 6.774499999999999744e+00
2.219599999999999909e+03 6.799599999999999866e+00
2.239199999999999818e+03 6.823900000000000077e+00
2.258300000000000182e+03 6.847500000000000142e+00
2.277199999999999818e+03 6.870599999999999596e+00
2.296400000000000091e+03 6.893399999999999750e+00
2.315500000000000000e+03 6.915799999999999947e+00
2.334300000000000182e+03 6.937899999999999956e+00
2.352800000000000182e+03 6.959299999999999820e+00
2.370900000000000091e+03 6.980199999999999960e+00
2.388099999999999909e+03 7.000399999999999956e+00
2.404300000000000182e+03 7.019700000000000273e+00
2.420500000000000000e+03 7.038499999999999979e+00
2.434300000000000182e+03 7.056099999999999817e+00
2.445300000000000182e+03 7.071900000000000297e+00
2.456599999999999909e+03 7.086800000000000210e+00
2.468099999999999909e+03 7.101300000000000168e+00
2.479599999999999909e+03 7.115499999999999936e+00
2.491099999999999909e+03 7.129299999999999748e+00
2.558000000000000000e+03 7.162700000000000067e+00
2.606500000000000000e+03 7.199699999999999989e+00
2.641500000000000000e+03 7.232499999999999929e+00
2.671400000000000091e+03 7.262699999999999712e+00
2.696800000000000182e+03 7.290199999999999569e+00
2.720500000000000000e+03 7.315699999999999648e+00
2.742199999999999818e+03 7.339400000000000368e+00
2.763400000000000091e+03 7.361900000000000333e+00
2.783900000000000091e+03 7.383399999999999963e+00
2.803800000000000182e+03 7.404099999999999682e+00
2.823000000000000000e+03 7.423899999999999721e+00
2.841400000000000091e+03 7.442999999999999616e+00
2.859199999999999818e+03 7.461400000000000254e+00
2.876300000000000182e+03 7.479199999999999626e+00
2.892599999999999909e+03 7.496400000000000396e+00
2.908199999999999818e+03 7.513099999999999667e+00
2.923500000000000000e+03 7.529399999999999871e+00
2.938400000000000091e+03 7.545499999999999652e+00
2.952599999999999909e+03 7.561300000000000132e+00
2.966300000000000182e+03 7.576900000000000190e+00
2.979400000000000091e+03 7.592200000000000060e+00
2.992000000000000000e+03 7.607099999999999973e+00
3.003800000000000182e+03 7.621599999999999930e+00
3.015099999999999909e+03 7.635799999999999699e+00
3.025900000000000091e+03 7.649600000000000399e+00
3.036300000000000182e+03 7.663100000000000023e+00
3.046199999999999818e+03 7.676199999999999690e+00
3.055500000000000000e+03 7.689000000000000057e+00
3.064000000000000000e+03 7.701299999999999812e+00
3.070099999999999909e+03 7.712500000000000355e+00
3.075800000000000182e+03 7.723099999999999632e+00
3.081300000000000182e+03 7.733399999999999608e+00
3.086599999999999909e+03 7.743299999999999628e+00
3.091599999999999909e+03 7.752900000000000347e+00
3.096300000000000182e+03 7.762299999999999756e+00
3.100699999999999818e+03 7.771499999999999631e+00
3.104699999999999818e+03 7.780400000000000205e+00
3.108300000000000182e+03 7.788999999999999702e+00
3.111699999999999818e+03 7.797399999999999665e+00
3.114599999999999909e+03 7.805600000000000094e+00
3.117300000000000182e+03 7.813500000000000334e+00
3.119599999999999909e+03 7.821200000000000152e+00
3.121500000000000000e+03 7.828700000000000436e+00
3.123099999999999909e+03 7.835899999999999643e+00
3.124199999999999818e+03 7.842800000000000438e+00
3.124900000000000091e+03 7.849400000000000155e+00
3.125199999999999818e+03 7.855699999999999683e+00
