2.412115598038578355e+03
2.825249528045083480e+03
2.166790865586293421e+03
3.063156207257326514e+03
2.664517368889501086e+03
2.645397923344144147e+03
2.975475976795095903e+03
2.360747389312926771e+03
2.895926959908963909e+03
2.669276525633424171e+03
2.911301333246231025e+03
3.171017735667152010e+03
3.168075179802185176e+03
3.054337006217313046e+03
2.697325797279570452e+03
3.061257506678641221e+03
2.454403471035461735e+03
2.907366873489148929e+03
2.780775901078329753e+03
2.336211736392035618e+03
2.195929603027570465e+03
2.196926058700153135e+03
2.385267607520061574e+03
2.292708523862013863e+03
2.581215693026493227e+03
2.536663626016982107e+03
2.456435629359772520e+03
2.842084710718641418e+03
2.505729075848274533e+03
2.315668174218063541e+03
2.429759627716224713e+03
2.578451428522175775e+03
2.889518382311577170e+03
2.324259227903805368e+03
2.784267032040884715e+03
2.669583807869948942e+03
3.147985667724967698e+03
2.440949847584803592e+03
2.928547666089107679e+03
2.589410683006499767e+03
2.468852821201534880e+03
2.446974229885142904e+03
3.034940544885518193e+03
2.610964511674531423e+03
2.459192323260525427e+03
3.104032040929701452e+03
2.279265646924311568e+03
3.160687966295556635e+03
2.379444252778494501e+03
2.473144431105150488e+03
2.900926876822859867e+03
2.427026015812413789e+03
2.774699641437501214e+03
2.174936214081587877e+03
2.420573028743101986e+03
2.750041294469278000e+03
3.055342475469484725e+03
2.828822805457858976e+03
2.306904702357531733e+03
2.492617195411579814e+03
2.617827561892648646e+03
2.901289036514670897e+03
3.109753178322772783e+03
2.180996793255510966e+03
2.404913881439144006e+03
2.687135768121650472e+03
2.555327686572214589e+03
2.286483174650671117e+03
2.246315124693817324e+03
2.707701057634744302e+03
2.190146083397648454e+03
2.257923414473974390e+03
2.315487973549772960e+03
3.065934520792465719e+03
2.177083180289875600e+03
2.992164516746572644e+03
2.922338217676543081e+03
2.577834432187330549e+03
2.580204584659485590e+03
3.076712565717737107e+03
2.390799400256604258e+03
2.327182227306732329e+03
2.605131182995828567e+03
2.219908647966613444e+03
2.232385175831471315e+03
2.844439411225730964e+03
2.292406018861535358e+03
2.818580765794226409e+03
2.539696424782515351e+03
2.818421413517062319e+03
3.048117549075368970e+03
2.741274259261894258e+03
3.105545726232977813e+03
2.458126602783328508e+03
2.499938629153782585e+03
2.442592833175084252e+03
2.837869402219896529e+03
3.121843960151456940e+03
2.314648756648578910e+03
2.825793845863328897e+03
